SRR6467548:	5540.656851232265
SRR6467549:	5429.2885986103665
