patient_0:	66.98163686017763
patient_1:	60.75669033290294
patient_2:	68.93687623137193
patient_3:	61.342818039276445
patient_4:	72.13323769652577
patient_5:	64.84666756680083
patient_6:	69.15661549486076
patient_7:	67.37464536126758
patient_8:	61.67573644081992
patient_9:	69.95265596016982
