	fluxes
HMR_3905	0.0
HMR_3907	0.0
HMR_4097	0.0
HMR_4099	0.0
HMR_4108	0.0
HMR_4133	0.0
HMR_4137	0.0
HMR_4281	0.0
HMR_4388	0.0
HMR_4283	0.0
HMR_8357	0.0
HMR_4379	0.0
HMR_4301	0.0
HMR_4355	0.0
HMR_4358	0.0
HMR_4360	0.0
HMR_4363	0.07656066101284509
HMR_4365	-0.07656066101284509
HMR_4368	0.096489466633454
HMR_4370	0.0
HMR_4371	0.012681967213114754
HMR_4372	0.0
HMR_4373	-0.10917143384656874
HMR_4375	-0.08515035128805622
HMR_4377	0.0
HMR_4381	0.05710071312639272
HMR_4391	0.0
HMR_4394	-4.5727310826748635e-15
HMR_4396	-0.021772375889854187
HMR_4521	0.0
HMR_6410	0.0
HMR_6412	0.0
HMR_7745	0.0
HMR_7746	0.0
HMR_7747	0.0
HMR_7748	0.0
HMR_7749	0.0
HMR_8360	0.0
HMR_8652	0.0
HMR_8757	0.0
HMR_3989	0.0
HMR_4122	0.0
HMR_4837	0.0
HMR_5395	0.0
HMR_5396	0.0
HMR_9727	0.0
HMR_5397	0.0
HMR_5398	0.0
HMR_5399	0.0
HMR_5400	0.0
HMR_5401	0.0
HMR_8568	0.0
HMR_8569	0.0
HMR_8570	0.0
HMR_8571	0.0
HMR_8572	0.0
HMR_8573	0.0
HMR_8574	0.0
HMR_8575	0.0
HMR_8576	0.0
HMR_8577	0.0
HMR_8578	0.0
HMR_8579	0.0
HMR_8581	0.0
HMR_8591	0.0
HMR_8592	0.0
HMR_8580	0.0
HMR_8582	0.0
HMR_8587	0.0
HMR_8589	0.0
HMR_8583	0.0
HMR_8584	0.0
HMR_8585	0.0
HMR_3944	0.021772375889854187
HMR_4128	0.05794284659258142
HMR_4130	0.05794284659258142
HMR_4131	0.0
HMR_4132	0.0
HMR_4303	0.0
HMR_4414	0.0
HMR_4415	0.0
HMR_4416	0.0
HMR_4774	0.0
HMR_4775	0.0
HMR_4831	0.0
HMR_4832	0.0
HMR_7674	0.0
HMR_8761	0.0
HMR_8762	0.0
HMR_8764	0.0
HMR_8766	0.0
HMR_8767	0.05794284659258142
HMR_0454	0.0
HMR_4297	0.0
HMR_4310	0.0
HMR_4315	0.0
HMR_4316	0.0
HMR_4317	0.0
HMR_4318	0.0
HMR_4319	0.0
HMR_4320	0.0
HMR_4356	0.0
HMR_4383	0.0
HMR_4385	0.0
HMR_4386	0.0
HMR_4387	0.0
HMR_4399	0.0
HMR_4400	0.0
HMR_4401	0.0
HMR_4402	0.0
HMR_4403	0.0
HMR_4490	0.0
HMR_4706	0.0
HMR_8768	0.0
HMR_4590	0.0
HMR_4591	0.0
HMR_4592	0.0
HMR_4593	0.0
HMR_4594	0.0
HMR_4595	0.0
HMR_8341	0.0
HMR_8342	0.0
HMR_8344	0.0
HMR_8352	0.0
HMR_8353	0.0
HMR_8726	0.0
HMR_8727	0.0
HMR_8728	0.0
HMR_8729	0.0
HMR_6537	0.0
HMR_1568	0.0
HMR_3853	0.0
HMR_3854	0.0
HMR_3855	0.0
HMR_3857	0.0
HMR_3859	0.0
HMR_4087	0.0
HMR_4089	0.0
HMR_4091	0.0
HMR_4093	0.0
HMR_4095	0.0
HMR_4101	0.0
HMR_4103	0.0
HMR_4143	0.0
HMR_4193	0.0
HMR_8497	0.0
HMR_8498	0.0
HMR_8499	0.0
HMR_8500	0.0
HMR_8501	0.0
HMR_8502	0.0
HMR_8503	0.0
HMR_8504	0.0
HMR_8506	0.0
HMR_8507	0.0
HMR_8508	0.0
HMR_8509	0.0
HMR_8511	0.0
HMR_8512	0.0
HMR_8514	0.0
HMR_8516	0.0
HMR_8517	0.0
HMR_4280	0.0
HMR_0153	0.0
HMR_3212	0.0
HMR_3797	0.0
HMR_3800	0.0
HMR_4105	0.0
HMR_4106	0.0
HMR_4107	0.0
HMR_4282	0.0
HMR_4331	0.0
HMR_4459	0.0
HMR_4460	0.0
HMR_4464	0.0
HMR_4497	0.0
HMR_4741	0.0
HMR_8078	0.0
HMR_9803	0.0
HMR_9804	0.0
HMR_0718	0.0
HMR_0719	0.0
HMR_1434	0.0
HMR_1436	0.0
HMR_3163	0.0
HMR_4461	0.0
HMR_4604	0.0
HMR_5351	0.0
HMR_7709	0.0
HMR_4052	0.0
HMR_4304	0.0
HMR_4306	0.0
HMR_4350	0.0
HMR_4351	0.0
HMR_4352	0.06253584193201332
HMR_4354	0.09561547249989352
HMR_4398	0.0
HMR_4404	0.03126792096600666
HMR_4473	0.0
HMR_4474	0.0
HMR_4476	0.0
HMR_4477	0.0
HMR_4501	0.03126792096600666
HMR_4565	0.03126792096600666
HMR_4567	0.0
HMR_4568	0.0
HMR_9799	0.0
HMR_9800	0.0
HMR_4623	0.0
HMR_4625	0.0
HMR_4710	0.0
HMR_4841	0.0
HMR_8074	0.0
HMR_8653	0.0
HMR_3998	0.0
HMR_4000	0.0
HMR_4002	1.0898154566744722
HMR_4004	-0.007756440281030442
HMR_4010	0.0
HMR_4081	0.0
HMR_4082	0.0
HMR_4012	0.0
HMR_4014	0.0
HMR_4020	-0.7531306791569086
HMR_4022	0.0
HMR_4038	0.0
HMR_4040	0.0
HMR_4042	0.0
HMR_4046	0.0
HMR_4048	0.0
HMR_4080	0.0
HMR_4085	0.0009058548009367682
HMR_4086	0.0
HMR_4134	0.0
HMR_4135	0.0
HMR_4168	0.0
HMR_4171	0.03532833723653396
HMR_4290	0.0
HMR_4406	0.0
HMR_4412	0.0
HMR_4417	0.0
HMR_4418	0.0
HMR_4419	0.0
HMR_4421	0.0
HMR_4449	0.0
HMR_4450	0.0
HMR_4451	0.0
HMR_4452	-0.7540365339578453
HMR_4453	0.0
HMR_4480	0.0
HMR_4481	0.0
HMR_4482	0.0
HMR_4486	0.0
HMR_4487	0.0
HMR_4488	0.0
HMR_4489	0.0
HMR_4492	0.0
HMR_4493	0.0
HMR_4495	0.0
HMR_4496	0.0
HMR_4518	0.0
HMR_4519	0.0
HMR_4520	0.0
HMR_4573	0.10004683840749416
HMR_4574	0.0
HMR_4600	0.10004683840749416
HMR_4602	0.0
HMR_4603	-0.0009058548009367682
HMR_4611	0.15007025761124124
HMR_4612	0.0
HMR_4614	0.0
HMR_4615	0.0
HMR_4617	0.0
HMR_4618	0.0
HMR_4619	0.0
HMR_4621	0.0
HMR_4632	0.0
HMR_4646	0.0
HMR_4648	0.0
HMR_4649	0.0
HMR_4650	0.0
HMR_4651	0.09561547249989352
HMR_4663	0.0
HMR_4664	0.0
HMR_4694	0.0
HMR_4695	0.0009058548009367682
HMR_4705	0.0
HMR_4709	0.0
HMR_4799	0.0
HMR_4802	0.0
HMR_4804	0.0
HMR_4808	0.0
HMR_4810	0.0
HMR_4812	0.0
HMR_4814	0.0
HMR_5301	0.0
HMR_5353	-0.10004683840749416
HMR_6601	0.0
HMR_6602	0.0
HMR_6603	0.0
HMR_6605	0.0
HMR_6606	0.0
HMR_6607	0.0
HMR_6609	0.0
HMR_6610	0.0
HMR_6611	0.0
HMR_7144	0.0
HMR_8755	0.0
HMR_9797	0.0
HMR_4016	0.0
HMR_4018	0.0
HMR_4044	0.0
HMR_4291	0.0
HMR_4420	0.0
HMR_4570	0.0
HMR_4572	0.0
HMR_4006	0.0
HMR_4028	0.0
HMR_4030	-0.08495737704918033
HMR_4670	-0.10004683840749416
HMR_4673	0.0
HMR_4675	0.0
HMR_6614	0.0
HMR_6615	0.0
HMR_6616	0.0
HMR_4635	0.0
HMR_3793	0.0
HMR_3931	0.15007025761124124
HMR_3969	0.0
HMR_3970	0.0
HMR_4008	0.0
HMR_4032	0.08744416070556509
HMR_4034	0.0
HMR_4036	0.0
HMR_4050	0.0
HMR_4056	0.0
HMR_4059	0.0
HMR_4060	0.0
HMR_4127	0.0
HMR_4177	0.0
HMR_4179	0.0
HMR_4182	0.0
HMR_4183	0.0
HMR_4192	0.0
HMR_4194	0.0
HMR_4210	0.0
HMR_4211	0.0
HMR_4343	0.0
HMR_4345	0.0
HMR_4346	0.0
HMR_4470	0.0
HMR_4471	0.0
HMR_4472	0.0
HMR_4484	0.0
HMR_4485	0.0
HMR_4510	0.0
HMR_4512	0.0
HMR_4513	0.0
HMR_4514	0.0
HMR_4577	0.7884590163934425
HMR_4579	0.0
HMR_4580	0.0
HMR_4608	0.0
HMR_4575	-0.03895175644028103
HMR_4637	-0.15007025761124124
HMR_4642	0.0
HMR_4643	0.0
HMR_4644	0.15007025761124124
HMR_4672	0.0
HMR_4676	0.0
HMR_4736	0.0
HMR_4819	0.0
HMR_5299	0.0
HMR_5352	0.0
HMR_5415	0.0
HMR_5416	0.0
HMR_5417	0.0
HMR_6612	0.0
HMR_6613	0.0
HMR_6621	0.0
HMR_6622	0.0
HMR_6623	0.0
HMR_6624	0.0
HMR_6627	0.15007025761124124
HMR_7744	0.0
HMR_8072	0.0
HMR_8637	0.0
HMR_3965	0.0
HMR_3966	0.0
HMR_3967	0.0
HMR_3968	0.0
HMR_3999	0.0
HMR_4024	-0.26753678397530245
HMR_4026	-0.08495737704918033
HMR_4054	0.0
HMR_4061	0.0
HMR_4083	0.0
HMR_4136	0.0
HMR_4180	0.5914167292241772
HMR_4185	0.0
HMR_4186	0.0
HMR_4342	0.0
HMR_4344	0.0
HMR_4483	0.0
HMR_4507	0.15007025761124124
HMR_4516	0.0
HMR_4601	0.0
HMR_4633	0.0009058548009367682
HMR_4640	0.0
HMR_4641	0.0
HMR_4680	0.0
HMR_4806	0.0
HMR_5394	0.0
HMR_6625	0.0
HMR_6626	0.0
HMR_7160	0.5002341920374708
HMR_7161	0.0
HMR_7162	2.105854800936768
HMR_7163	0.0
HMR_7164	0.0
HMR_7713	0.0
HMR_7716	0.0
HMR_7717	0.0
HMR_7721	0.0
HMR_7725	0.0
HMR_7728	0.0
HMR_7800	0.0
HMR_7801	0.0
HMR_7802	0.0
HMR_7863	0.0
HMR_7864	0.0
HMR_7865	0.0
HMR_7866	0.0
HMR_7867	0.0
HMR_7868	0.0
HMR_7869	0.0
HMR_7870	0.0
HMR_7871	0.0
HMR_7872	0.0
HMR_7873	0.0
HMR_7874	0.0
HMR_7875	0.0
HMR_7876	0.0
HMR_7878	0.0
HMR_7879	0.0
HMR_7880	0.0
HMR_7881	0.0
HMR_7882	0.0
HMR_7883	0.0
HMR_7884	0.0
HMR_7885	0.0
HMR_7886	0.0
HMR_7887	0.0
HMR_7888	0.0
HMR_7889	0.0
HMR_7890	0.0
HMR_7891	0.0
HMR_7892	0.0
HMR_7893	0.0
HMR_7894	0.0
HMR_7895	0.0
HMR_8083	0.0
HMR_8085	0.0
HMR_8087	0.0
HMR_8443	0.0
HMR_8444	0.0
HMR_8445	0.0
HMR_8446	0.0
HMR_8448	0.0
HMR_8449	0.0
HMR_8450	0.0
HMR_8451	0.0
HMR_8452	0.0
HMR_8453	0.0
HMR_8454	0.0
HMR_8455	0.0
HMR_8456	-0.10004683840749416
HMR_8457	0.0
HMR_8458	0.0
HMR_8459	0.0
HMR_8460	0.0
HMR_8461	0.0
HMR_8462	0.0
HMR_8463	0.0
HMR_8464	0.0
HMR_8465	-0.039564067028750094
HMR_8466	0.0
HMR_8467	-0.28509152224822776
HMR_8468	0.0
HMR_8469	0.0
HMR_8470	0.0
HMR_8471	0.0
HMR_8472	0.0
HMR_8473	0.0
HMR_8474	0.0
HMR_8477	0.0
HMR_8478	0.0
HMR_8479	0.0
HMR_8480	0.0
HMR_8481	0.0
HMR_8482	0.0
HMR_8483	0.0
HMR_8484	0.0
HMR_8485	0.0
HMR_8486	0.0
HMR_8487	0.0
HMR_8488	0.0
HMR_8489	0.0
HMR_8493	0.0
HMR_8494	0.0
HMR_8495	0.0
HMR_3802	-0.012533579862760196
HMR_3804	0.0
HMR_3811	0.0
HMR_3813	0.0
HMR_3822	0.0
HMR_3827	0.0
HMR_3829	0.0
HMR_3831	0.0
HMR_3862	0.0
HMR_3865	0.0
HMR_3870	0.0
HMR_3873	0.0
HMR_8654	0.0
HMR_3890	0.0
HMR_3892	0.0
HMR_9802	0.0
HMR_3899	-0.1340665105386417
HMR_3903	0.0
HMR_4109	0.0
HMR_4114	0.0
HMR_4115	0.0
HMR_4118	0.0
HMR_4172	0.0
HMR_4196	0.0
HMR_4197	0.0
HMR_4287	0.0
HMR_4690	0.0
HMR_4693	0.0
HMR_6780	0.0
HMR_6968	0.0
HMR_6969	0.0
HMR_6970	0.0
HMR_6971	0.0
HMR_6972	0.0
HMR_7641	0.0
HMR_7642	0.0
HMR_8626	0.0
HMR_8628	0.0
HMR_3806	0.0
HMR_3807	0.0
HMR_3809	0.0
HMR_3816	0.0
HMR_3819	0.0
HMR_3820	0.0
HMR_3832	0.0
HMR_3833	0.0
HMR_3835	0.0
HMR_3837	0.0
HMR_3838	0.0
HMR_3895	0.0
HMR_3897	0.0
HMR_3956	0.012533579862760193
HMR_3993	0.0
HMR_4073	0.0
HMR_4075	0.0
HMR_4077	0.0
HMR_4190	0.0
HMR_4191	0.0
HMR_4212	0.0
HMR_4422	0.0
HMR_4423	0.0
HMR_4424	0.0
HMR_4583	0.0
HMR_4605	0.0
HMR_4606	0.0
HMR_4607	0.0
HMR_4776	0.0
HMR_4777	0.0
HMR_4778	0.0
HMR_4779	0.0
HMR_4780	0.0
HMR_4781	0.0
HMR_4784	0.0
HMR_4785	0.0
HMR_4786	0.0
HMR_4787	0.0
HMR_5384	0.0
HMR_6929	0.0
HMR_6930	0.0
HMR_6931	0.0
HMR_6932	1.3877787807814457e-17
HMR_6933	0.0
HMR_6934	0.0
HMR_6935	1.3877787807814457e-17
HMR_6936	0.0
HMR_6938	0.0
HMR_6939	0.0
HMR_6940	0.0
HMR_6941	0.0
HMR_6942	0.0
HMR_6943	0.0
HMR_6944	0.0
HMR_6945	0.0
HMR_6946	0.0
HMR_6947	0.0
HMR_6948	0.0
HMR_6949	0.0
HMR_6950	0.0
HMR_6951	0.0
HMR_6952	0.0
HMR_6953	0.0
HMR_6954	0.0
HMR_6955	0.0
HMR_6956	0.0
HMR_6957	0.0
HMR_6958	0.0
HMR_6959	0.0
HMR_6960	0.0
HMR_6961	0.0
HMR_6962	0.0
HMR_6963	0.0
HMR_6964	0.0
HMR_6965	0.0
HMR_6966	0.0
HMR_6967	0.0
HMR_6973	0.0
HMR_8096	0.0
HMR_8097	0.0
HMR_8098	0.0
HMR_8416	0.0
HMR_8425	0.0
HMR_8426	0.0
HMR_8427	0.0
HMR_8431	0.0
HMR_8432	0.0
HMR_8603	0.0
HMR_8604	0.0
HMR_8605	0.0
HMR_8606	0.0
HMR_8607	0.0
HMR_8608	0.0
HMR_8609	0.0
HMR_8610	0.0
HMR_8611	0.0
HMR_4285	0.0
HMR_0457	0.0
HMR_0460	0.0
HMR_3750	0.0
HMR_3752	0.0
HMR_3770	0.0
HMR_3771	0.0
HMR_3772	0.0
HMR_3782	0.0
HMR_3784	0.0
HMR_3794	0.0
HMR_3839	0.0
HMR_3841	0.0
HMR_3843	0.0
HMR_3845	-6.865451053864166
HMR_3847	0.0
HMR_3849	0.0
HMR_3852	0.0
HMR_3856	0.0
HMR_3860	0.0
HMR_3883	0.0
HMR_3901	0.0
HMR_3939	0.0
HMR_3974	0.0
HMR_4198	0.0
HMR_4199	0.0
HMR_4200	0.0
HMR_4284	0.0
HMR_4348	0.0
HMR_4466	0.0
HMR_4467	0.0
HMR_4582	0.0
HMR_4584	0.0
HMR_4696	0.0
HMR_4697	0.0
HMR_4698	0.0
HMR_4699	0.0
HMR_4700	0.0
HMR_4742	0.0
HMR_4788	0.0
HMR_4789	0.0
HMR_4791	0.0
HMR_4792	0.0
HMR_4937	0.0
HMR_5392	0.0
HMR_5393	0.0
HMR_6409	0.0
HMR_7702	0.0
HMR_7703	0.0
HMR_8433	0.0
HMR_8434	0.0
HMR_8435	0.0
HMR_8436	0.0
HMR_8437	0.0
HMR_8439	0.0
HMR_8440	0.0
HMR_8441	0.0
HMR_8442	0.0
HMR_9718	0.0
HMR_9486	0.0
HMR_4426	0.0
HMR_4428	0.0
HMR_4429	0.0
HMR_4430	0.0
HMR_4431	0.0
HMR_4437	0.0
HMR_4658	0.0
HMR_4660	0.0
HMR_4712	0.0
HMR_5336	0.0
HMR_5337	0.0
HMR_5338	0.0
HMR_5339	0.0
HMR_5340	0.0
HMR_8783	0.0
HMR_8784	0.0
HMR_8786	0.0
HMR_4239	0.0
HMR_4241	0.0
HMR_4288	0.0
HMR_4596	0.0
HMR_4597	0.0
HMR_4599	0.0
HMR_4667	0.0
HMR_4668	0.0
HMR_4737	0.0
HMR_4739	0.0
HMR_4740	0.0
HMR_6415	0.0
HMR_6974	0.0
HMR_6975	0.0
HMR_6976	0.0
HMR_6977	0.0
HMR_6978	0.0
HMR_6979	0.0
HMR_6980	0.0
HMR_6981	0.0
HMR_6982	0.0
HMR_6983	0.0
HMR_6984	0.0
HMR_6985	0.0
HMR_8017	0.0
HMR_8018	0.0
HMR_8019	0.0
HMR_8021	0.0
HMR_8025	0.0
HMR_8026	0.0
HMR_8027	0.0
HMR_8029	0.0
HMR_3164	0.0
HMR_3166	0.0
HMR_3885	2.168404344971009e-19
HMR_4250	0.0
HMR_8091	0.0
HMR_8092	0.0
HMR_8563	0.0
HMR_8564	0.0
HMR_8565	0.0
HMR_8566	19.436035226119863
HMR_3935	0.0
HMR_4681	0.0
HMR_4682	0.0
HMR_4683	0.0
HMR_4685	0.0
HMR_4686	0.0
HMR_4687	0.0
HMR_4702	0.0
HMR_4703	0.0
HMR_4704	0.0
HMR_6988	0.0
HMR_7689	0.0
HMR_7701	0.0
HMR_8094	0.0
HMR_8529	0.0
HMR_8530	0.0
HMR_8533	0.0
HMR_8534	0.0
HMR_8535	0.0
HMR_8537	0.0
HMR_8541	0.0
HMR_8542	0.0
HMR_8543	0.0
HMR_8544	0.0
HMR_8630	0.0
HMR_8540	0.0
HMR_9733	0.0
HMR_9734	0.0
HMR_3206	0.0
HMR_3208	0.003408205073614907
HMR_3211	0.0
HMR_3213	0.003408205073614907
HMR_3215	0.003408205073614907
HMR_3747	0.0
HMR_3744	0.0
HMR_3757	0.0
HMR_3761	0.0
HMR_3777	0.0
HMR_3778	0.0
HMR_3795	0.0
HMR_4797	0.0
HMR_6417	0.0
HMR_6419	0.0
HMR_6420	0.0
HMR_6421	0.0
HMR_6422	0.0
HMR_6923	0.0
HMR_3765	0.0
HMR_6924	0.0
HMR_6925	0.0
HMR_6926	0.0
HMR_6927	0.0
HMR_8088	0.0
HMR_8787	0.0
HMR_3743	0.0
HMR_3940	0.0
HMR_4214	0.0
HMR_4216	0.0
HMR_4218	0.0
HMR_4219	0.0
HMR_4220	0.0
HMR_4222	0.0
HMR_4224	0.0
HMR_4225	0.0
HMR_4227	0.0
HMR_4231	0.0
HMR_4232	0.0
HMR_4233	0.0
HMR_4235	0.0
HMR_4242	0.0
HMR_4243	0.0
HMR_4244	0.0
HMR_4245	0.0
HMR_4246	0.0
HMR_4248	0.0
HMR_6707	0.0
HMR_6708	0.0
HMR_6709	0.0
HMR_6710	0.0
HMR_6711	0.0
HMR_6712	0.0
HMR_6713	0.0
HMR_6714	0.0
HMR_6715	0.0
HMR_6716	0.0
HMR_6717	0.0
HMR_6718	0.0
HMR_6719	0.0
HMR_6720	0.0
HMR_6721	0.0
HMR_6722	0.0
HMR_6723	0.0
HMR_6725	0.09239718969555036
HMR_6726	0.0
HMR_6727	0.0
HMR_6728	0.0
HMR_6729	0.0
HMR_6730	0.0
HMR_6731	0.0
HMR_6734	0.0
HMR_6735	0.0
HMR_6736	0.0
HMR_6737	0.0
HMR_6738	0.0
HMR_6739	0.0
HMR_6740	0.0
HMR_6741	0.0
HMR_6742	0.0
HMR_6743	0.0
HMR_6744	0.0
HMR_6745	0.0
HMR_6746	0.0
HMR_6747	0.0
HMR_6748	0.0
HMR_6749	0.0
HMR_6750	0.0
HMR_6751	0.0
HMR_6752	0.0
HMR_6753	0.0
HMR_6754	0.0
HMR_6755	0.0
HMR_6756	0.0
HMR_6757	0.0
HMR_6758	0.0
HMR_6759	0.0
HMR_6760	0.0
HMR_6761	0.0
HMR_6762	0.0
HMR_6763	0.0
HMR_6764	0.0
HMR_6765	0.0
HMR_6766	0.0
HMR_6767	0.0
HMR_6768	0.0
HMR_6770	0.0
HMR_6771	0.0
HMR_6772	0.0
HMR_6774	0.0
HMR_6776	0.0
HMR_6778	0.0
HMR_6782	0.0
HMR_6783	0.0
HMR_6784	0.0
HMR_6785	0.0
HMR_6786	0.0
HMR_6787	0.0
HMR_6788	0.0
HMR_6789	0.0
HMR_6790	0.0
HMR_6791	0.0
HMR_6792	0.0
HMR_6798	0.0
HMR_6799	0.0
HMR_6800	0.0
HMR_6801	0.0
HMR_6802	0.0
HMR_6803	0.0
HMR_6806	0.0
HMR_6807	0.0
HMR_6808	0.0
HMR_6811	0.0
HMR_6813	0.0
HMR_6814	0.0
HMR_6815	0.0
HMR_6817	0.0
HMR_6818	0.0
HMR_6819	0.0
HMR_6820	0.0
HMR_6822	0.0
HMR_6823	0.0
HMR_6824	0.0
HMR_6826	0.0
HMR_6827	0.0
HMR_6828	0.0
HMR_6829	0.0
HMR_6830	0.0
HMR_6831	0.0
HMR_6834	0.0
HMR_6835	0.0
HMR_6836	0.0
HMR_6837	0.0
HMR_6838	0.0
HMR_6839	0.0
HMR_6840	0.0
HMR_6841	0.0
HMR_6842	0.0
HMR_6843	0.0
HMR_6844	0.0
HMR_6845	0.0
HMR_6848	0.0
HMR_6849	0.0
HMR_6850	0.0
HMR_6851	0.0
HMR_6854	0.0
HMR_6855	0.0
HMR_6874	0.0
HMR_6875	0.0
HMR_6876	0.0
HMR_6877	0.0
HMR_6878	0.0
HMR_6879	0.0
HMR_6880	0.0
HMR_6881	0.0
HMR_6882	0.0
HMR_6883	0.0
HMR_6885	0.0
HMR_6886	0.0
HMR_6888	0.0
HMR_6889	0.0
HMR_7628	0.0
HMR_7756	0.0
HMR_8539	0.0
HMR_8794	0.0
HMR_8795	0.0
HMR_8796	0.0
HMR_3875	0.0
HMR_3877	0.0
HMR_3879	0.0
HMR_3881	0.0
HMR_3912	0.0
HMR_3917	0.0
HMR_3919	0.0
HMR_3920	0.0
HMR_3922	0.0
HMR_3928	0.0
HMR_3995	0.0
HMR_3996	0.0
HMR_4072	0.0
HMR_4189	0.0
HMR_4302	0.0
HMR_4323	0.0
HMR_5381	0.0
HMR_5385	0.0
HMR_5386	0.0
HMR_5387	0.0
HMR_5388	0.0
HMR_5389	0.0
HMR_5390	0.0
HMR_5391	0.0
HMR_5418	0.0
HMR_5419	0.0
HMR_6515	0.0
HMR_6518	0.0
HMR_6519	0.0
HMR_6520	0.0
HMR_6523	0.0
HMR_8062	0.0
HMR_8066	0.0
HMR_8067	0.0
HMR_8068	0.0
HMR_8069	0.0
HMR_8641	0.0
HMR_8682	0.0009058548009367682
HMR_8683	0.0
HMR_8684	0.0
HMR_8685	0.0
HMR_3868	0.0
HMR_3869	0.0
HMR_3889	0.0
HMR_3933	0.0
HMR_3937	0.0
HMR_4116	0.0
HMR_4120	0.0
HMR_4121	0.0
HMR_4175	0.0
HMR_4176	0.0
HMR_4324	0.0
HMR_4326	0.0
HMR_4328	0.0
HMR_4329	0.0
HMR_4708	0.0
HMR_8769	0.0
HMR_8770	0.0
HMR_8771	0.0
HMR_4078	0.0
HMR_4079	0.0
HMR_4174	0.0
HMR_4330	0.0
HMR_4347	0.0
HMR_4425	0.0
HMR_4427	0.0
HMR_4688	0.0
HMR_4689	0.0
HMR_4735	0.0
HMR_7991	0.0
HMR_7992	0.0
HMR_7993	0.0
HMR_7128	0.0
HMR_7129	0.0
HMR_7130	0.0
HMR_7131	0.0
HMR_7132	0.0
HMR_7133	0.0
HMR_7134	0.0
HMR_7135	0.0
HMR_7136	0.0
HMR_7137	0.0
HMR_7138	0.0
HMR_7139	0.0
HMR_7140	0.0
HMR_7141	0.0
HMR_7620	0.0
HMR_7647	0.0
HMR_8640	0.0
HMR_8689	0.0
HMR_8690	0.0
HMR_3748	0.0
HMR_3751	0.0
HMR_3753	0.0
HMR_3755	0.0
HMR_3759	0.0
HMR_3763	0.0
HMR_3767	0.0
HMR_3769	0.0
HMR_3773	0.0
HMR_3775	0.0
HMR_3780	0.0
HMR_3783	0.0
HMR_3785	0.0
HMR_3790	0.0
HMR_3792	0.0
HMR_3796	0.0
HMR_3823	0.0
HMR_6416	0.0
HMR_3986	0.0
HMR_3988	0.0
HMR_4124	0.0
HMR_4158	0.413101649894538
HMR_4159	0.05794284659258142
HMR_4299	0.0
HMR_4300	0.0
HMR_4494	0.0
HMR_4524	0.413101649894538
HMR_4525	0.0
HMR_4526	0.0
HMR_4527	0.23177138637032568
HMR_4528	0.0
HMR_4529	0.0
HMR_4530	0.0
HMR_4531	0.0
HMR_4532	0.0
HMR_4533	0.0
HMR_4534	0.0
HMR_4536	0.0
HMR_4628	0.0
HMR_4629	0.0
HMR_4631	0.413101649894538
HMR_7696	0.0
HMR_7697	0.0
HMR_7698	0.0
HMR_8366	0.05794284659258142
HMR_8367	0.0
HMR_8368	0.05794284659258142
HMR_8371	0.0
HMR_8372	0.0
HMR_8373	-0.23177138637032568
HMR_8375	0.18133026352421233
HMR_8376	0.0
HMR_8377	0.0
HMR_8672	0.0
HMR_8674	0.0
HMR_8675	0.0
HMR_5130	2.81
HMR_5131	8.01
HMR_5132	5.12
HMR_5133	3.75
HMR_5134	5.56
HMR_5135	1.83
HMR_5136	4.279999999999999
HMR_5137	7.829999999999999
HMR_5138	7.21
HMR_5139	2.2800000000000002
HMR_5140	4.42
HMR_5141	9.11
HMR_5142	7.19
HMR_5143	2.22
HMR_5144	0.0
HMR_5145	3.6799999999999997
HMR_5146	5.1
HMR_5147	6.61
HMR_5148	5.35
HMR_5149	0.98
HMR_5150	6.67
HMR_7171	0.0
HMR_7172	0.0
HMR_7174	0.0
HMR_7175	0.0
HMR_7180	0.0
HMR_7181	0.0
HMR_7183	0.0
HMR_7197	0.0
HMR_7436	0.0
HMR_7438	0.0
HMR_7440	0.0
HMR_8254	0.0
HMR_8255	0.0
HMR_8256	0.0
HMR_8257	0.0
HMR_8258	0.0
HMR_8260	0.0
HMR_8261	0.0
HMR_1532	0.0
HMR_7254	0.0
HMR_7256	0.0
HMR_7258	0.0
HMR_7259	0.0
HMR_7260	0.0
HMR_7261	0.0
HMR_7263	0.0
HMR_7264	0.0
HMR_7265	0.0
HMR_7266	0.0
HMR_7267	0.0
HMR_7268	0.0
HMR_7269	0.0
HMR_7270	0.0
HMR_7271	0.0
HMR_7274	0.0
HMR_7275	0.0
HMR_7276	0.0
HMR_7277	0.0
HMR_7278	0.0
HMR_7279	0.0
HMR_7280	0.0
HMR_7281	0.0
HMR_7285	0.0
HMR_7286	0.0
HMR_7287	0.0
HMR_7288	0.0
HMR_7289	0.0
HMR_7290	0.0
HMR_7291	0.0
HMR_7292	0.0
HMR_7293	0.0
HMR_7294	0.0
HMR_7295	0.0
HMR_7296	0.0
HMR_7297	0.0
HMR_7298	0.0
HMR_7299	0.0
HMR_7300	0.0
HMR_7301	0.0
HMR_7302	0.0
HMR_7303	0.0
HMR_7304	0.0
HMR_7305	0.0
HMR_7306	0.0
HMR_7308	0.0
HMR_7309	0.0
HMR_7310	0.0
HMR_7311	0.0
HMR_7312	0.0
HMR_7313	0.0
HMR_7314	0.0
HMR_7315	0.0
HMR_7316	0.0
HMR_7317	0.0
HMR_7318	0.0
HMR_7319	0.0
HMR_7320	0.0
HMR_7321	0.0
HMR_7322	0.0
HMR_7323	0.0
HMR_7324	0.0
HMR_7325	0.0
HMR_7326	0.0
HMR_7327	0.0
HMR_7328	0.0
HMR_7329	0.0
HMR_7332	0.0
HMR_7333	0.0
HMR_7334	0.0
HMR_7428	0.0
HMR_7429	0.0
HMR_7574	0.0
HMR_7575	0.0
HMR_7576	0.0
HMR_7577	0.0
HMR_7578	0.0
HMR_7580	0.0
HMR_7582	0.0
HMR_7585	0.0
HMR_7586	0.0
HMR_7587	0.0
HMR_8691	0.0
HMR_8692	0.0
HMR_8693	0.0
HMR_8694	0.0
HMR_8695	0.0
HMR_5151	0.0
HMR_5152	0.0
HMR_5153	0.0
HMR_5154	0.0
HMR_5155	0.0
HMR_5156	0.0
HMR_5157	0.0
HMR_5158	0.0
HMR_5159	0.0
HMR_5160	0.0
HMR_5161	0.0
HMR_5162	0.0
HMR_5163	0.0
HMR_5164	0.0
HMR_5165	0.0
HMR_5166	0.0
HMR_5167	0.0
HMR_5168	0.0
HMR_5169	0.0
HMR_5170	0.0
HMR_5171	0.0
HMR_5172	0.0
HMR_5173	0.0
HMR_5174	0.0
HMR_7282	0.0
HMR_7616	0.0
HMR_7617	0.0
HMR_7618	0.0
HMR_7619	0.0
HMR_9735	0.0
HMR_7621	0.0
HMR_7622	0.0
HMR_7624	0.0
HMR_7626	0.0
HMR_5258	0.0
HMR_5259	0.0
HMR_5260	0.0
HMR_5261	0.0
HMR_5262	0.0
HMR_5263	0.0
HMR_5264	0.0
HMR_5265	0.0
HMR_5266	0.0
HMR_5267	0.0
HMR_5268	0.0
HMR_5269	0.0
HMR_5270	0.0
HMR_5271	0.0
HMR_5272	0.0
HMR_5273	0.0
HMR_5274	0.0
HMR_5275	0.0
HMR_5276	0.0
HMR_5277	0.0
HMR_5278	0.0
HMR_5279	0.0
HMR_5280	0.0
HMR_5281	0.0
HMR_5282	0.0
HMR_5283	0.0
HMR_5284	0.0
HMR_5285	0.0
HMR_5286	0.0
HMR_5287	0.0
HMR_5288	0.0
HMR_5289	0.0
HMR_5290	0.0
HMR_5291	0.0
HMR_9817	0.0
HMR_9818	0.0
HMR_5407	0.0
HMR_3851	0.0
HMR_3861	0.0
HMR_3866	0.0
HMR_3915	0.0
HMR_4084	0.0
HMR_4187	0.0
HMR_4188	0.0
HMR_4701	0.0
HMR_4840	0.0
HMR_4842	0.0
HMR_8662	0.0
HMR_8663	0.0
HMR_8664	0.0
HMR_8665	0.0
HMR_8666	0.0
HMR_8667	0.0
HMR_8668	0.0
HMR_8669	0.0
HMR_0710	0.0
HMR_3787	0.0
HMR_3957	0.0
HMR_3958	0.0
HMR_4111	0.0
HMR_4112	0.0
HMR_4113	0.0
HMR_4139	0.0
HMR_4141	-0.0159417849363751
HMR_4145	-0.0159417849363751
HMR_4147	0.0
HMR_4149	0.0
HMR_4152	0.0159417849363751
HMR_4209	0.0
HMR_4408	0.0
HMR_4410	0.0159417849363751
HMR_4454	0.0
HMR_4456	0.0
HMR_4458	0.0
HMR_4465	0.0
HMR_4585	0.0
HMR_4586	0.0
HMR_4587	0.0
HMR_4588	0.0
HMR_4589	0.0
HMR_4652	-0.0159417849363751
HMR_5294	0.0
HMR_5297	0.012533579862760193
HMR_6411	0.0
HMR_6413	0.0
HMR_6414	0.0
HMR_7704	0.0
HMR_7706	0.0
HMR_8743	0.0
HMR_8772	0.0
HMR_8773	0.0
HMR_8774	0.0
HMR_8775	0.0
HMR_8777	0.0
HMR_8778	0.0
HMR_8779	0.0
HMR_8780	0.0
HMR_8781	0.0
HMR_8782	0.0
HMR_3975	0.0
HMR_3977	0.0
HMR_3979	0.0
HMR_6911	0.00877135667611078
HMR_6912	0.09271381733021074
HMR_6914	0.022989289235354805
HMR_6916	0.17289405479766135
HMR_6918	0.04597857847070961
HMR_6921	0.06070267339218158
HMR_3960	12.986879918901918
HMR_3980	6.493826657343231
HMR_3982	0.002713629976580796
HMR_4767	0.00019334894613583136
HMR_6608	0.0
HMR_8409	-2.7755575615628914e-17
HMR_8410	0.0
HMR_8413	0.0
HMR_8415	0.0
HMR_0156	0.0015467915690866516
HMR_0165	0.0
HMR_0168	66.2095403315839
HMR_0171	0.0
HMR_0174	0.0007646754884459819
HMR_0177	0.0
HMR_0180	0.0
HMR_0184	0.0
HMR_0188	0.0
HMR_0192	0.0
HMR_0196	0.0
HMR_0200	0.0
HMR_0204	0.0
HMR_0209	0.0
HMR_0213	0.0
HMR_0217	0.0
HMR_0226	0.0
HMR_0233	0.0
HMR_0237	0.0
HMR_0241	0.0
HMR_0245	0.0
HMR_0249	0.0
HMR_0255	0.0
HMR_0259	0.0
HMR_0263	0.0
HMR_0267	0.0
HMR_0271	0.0
HMR_0275	0.0
HMR_0279	0.0
HMR_0283	0.0
HMR_0289	0.0
HMR_0293	0.0
HMR_0297	0.0
HMR_0301	0.0
HMR_0305	0.0
HMR_0309	0.0
HMR_0313	0.0
HMR_0319	0.0
HMR_0323	0.0
HMR_0327	0.0
HMR_0331	0.0
HMR_0337	0.0
HMR_0341	0.0
HMR_0345	0.0
HMR_0349	0.0
HMR_0353	-0.00029016393442622945
HMR_0357	0.0
HMR_0361	0.0
HMR_0365	0.0
HMR_0369	0.0
HMR_0373	0.0
HMR_0377	1.5770213417970973e-18
HMR_0381	0.0
HMR_0385	0.0
HMR_0389	0.0
HMR_0393	0.0
HMR_0397	0.0
HMR_0401	0.0
HMR_0405	0.0
HMR_0409	0.0
HMR_0413	0.0
HMR_0417	0.0
HMR_0421	0.0
HMR_0425	0.0
HMR_0429	0.0
HMR_0433	0.0
HMR_0437	0.0
HMR_2942	0.0
HMR_2943	0.0
HMR_2944	0.0
HMR_2945	0.0
HMR_2946	0.0
HMR_2947	0.0
HMR_2948	0.0
HMR_2949	0.0
HMR_2951	0.0
HMR_2952	0.0
HMR_2954	0.0
HMR_2955	0.0
HMR_2956	0.0
HMR_2957	0.0
HMR_2959	0.0
HMR_2961	0.0
HMR_2962	0.0
HMR_2963	0.0
HMR_2964	0.0
HMR_2965	0.0
HMR_2966	0.0
HMR_2967	0.0
HMR_2968	0.0
HMR_2969	0.0
HMR_2970	0.0
HMR_2971	0.0
HMR_2972	0.0
HMR_2973	0.0
HMR_2974	0.0
HMR_2975	0.0
HMR_2976	0.0
HMR_2977	0.0
HMR_2978	0.0
HMR_2979	0.0
HMR_2980	0.0
HMR_2981	0.0
HMR_2982	0.00029016393442622945
HMR_2983	0.0
HMR_2984	0.0
HMR_2985	0.0
HMR_2986	0.0
HMR_2987	0.0
HMR_2988	0.0
HMR_2989	0.0
HMR_2990	0.0
HMR_2991	0.0
HMR_2992	0.0
HMR_2994	0.0
HMR_2996	0.0
HMR_2998	0.0
HMR_2999	0.0
HMR_3000	0.0
HMR_3001	0.0
HMR_3002	0.0
HMR_3003	0.0
HMR_2152	0.0
HMR_2153	0.0
HMR_2154	0.0
HMR_2155	0.0
HMR_2156	0.0
HMR_2157	0.0
HMR_2158	0.0
HMR_2159	0.0
HMR_2160	0.0
HMR_2161	0.0
HMR_2162	0.0
HMR_2163	0.0
HMR_2164	0.0
HMR_2165	0.0
HMR_2166	0.0
HMR_2167	0.0
HMR_2168	0.0
HMR_2169	0.0
HMR_2170	0.0
HMR_2171	0.0
HMR_2173	0.0
HMR_2174	0.0
HMR_2175	0.0
HMR_2176	0.0
HMR_2178	0.0
HMR_2179	0.0
HMR_2180	0.0
HMR_2181	0.0
HMR_4156	0.0
HMR_4295	0.0
HMR_2227	0.0
HMR_2228	0.0
HMR_2229	0.0
HMR_2230	0.0
HMR_2231	0.0
HMR_2232	0.0
HMR_2233	0.0
HMR_2234	0.0
HMR_2235	0.0
HMR_2236	0.0
HMR_2237	0.0
HMR_2238	0.0
HMR_2239	0.0
HMR_2240	0.0
HMR_2241	0.0
HMR_2242	0.0
HMR_2243	0.0
HMR_2244	0.0
HMR_2245	0.0
HMR_2246	0.0
HMR_2247	0.0
HMR_2249	0.0
HMR_2250	0.0
HMR_2251	0.0
HMR_2252	0.0
HMR_2254	0.0
HMR_2255	0.0
HMR_2256	0.0
HMR_2257	0.0
HMR_2305	0.0
HMR_2307	0.0
HMR_2309	0.0
HMR_2311	0.0
HMR_2315	0.0
HMR_2317	0.0
HMR_2319	0.0
HMR_2321	0.0
HMR_2324	0.0
HMR_2326	0.0
HMR_2328	0.0
HMR_2330	0.0
HMR_2332	0.0
HMR_2334	0.0
HMR_2336	0.0
HMR_2338	0.0
HMR_2342	0.0
HMR_2343	0.0
HMR_2344	0.0
HMR_2345	0.0
HMR_2347	0.0
HMR_2348	0.0
HMR_2349	0.0
HMR_2350	0.0
HMR_2353	0.0
HMR_2354	0.0
HMR_2355	0.0
HMR_2356	0.0
HMR_2361	0.0
HMR_2362	0.0
HMR_2363	0.0
HMR_2364	0.0
HMR_2190	0.0
HMR_2191	0.0
HMR_2193	0.0
HMR_2194	0.0
HMR_2201	0.0
HMR_2202	0.0
HMR_2203	0.0
HMR_2204	0.0
HMR_2205	0.0
HMR_2208	0.0
HMR_2209	0.0
HMR_2210	0.0
HMR_2211	0.0
HMR_2212	0.0
HMR_2213	0.0
HMR_2214	0.0
HMR_2215	0.0
HMR_2217	0.0
HMR_2218	0.0
HMR_2219	0.0
HMR_2259	0.0
HMR_2260	0.0
HMR_2261	0.0
HMR_2262	0.0
HMR_2263	0.0
HMR_2264	0.0
HMR_2265	0.0
HMR_2266	0.0
HMR_2267	0.0
HMR_2268	0.0
HMR_2269	0.0
HMR_2270	0.0
HMR_2281	0.0
HMR_2282	0.0
HMR_2284	0.0
HMR_2286	0.0
HMR_2287	0.0
HMR_2292	0.0
HMR_2293	0.0
HMR_2294	0.0
HMR_2295	0.0
HMR_2296	0.0
HMR_2359	0.0
HMR_2365	0.0
HMR_2288	0.0
HMR_2289	0.0
HMR_0709	0.0
HMR_2150	0.0
HMR_2151	0.0
HMR_2172	0.0
HMR_2177	0.0
HMR_2182	0.0
HMR_2248	0.0
HMR_2253	0.0
HMR_2258	0.0
HMR_2437	0.0
HMR_2438	0.0
HMR_2439	0.0
HMR_2440	0.0
HMR_2441	0.0
HMR_2442	0.0
HMR_2443	0.0
HMR_2444	0.0
HMR_2445	0.0
HMR_2446	0.0
HMR_2447	0.0
HMR_2448	0.0
HMR_2449	0.0
HMR_2450	0.0
HMR_2451	0.0
HMR_2452	0.0
HMR_2453	0.0
HMR_2454	0.0
HMR_2455	0.0
HMR_2456	0.0
HMR_2457	0.0
HMR_2458	0.0
HMR_2459	0.0
HMR_2460	0.0
HMR_2461	0.0
HMR_2462	0.0
HMR_2463	0.0
HMR_2464	0.0
HMR_2465	0.0
HMR_2466	0.0
HMR_2467	0.0
HMR_2468	0.0
HMR_2469	0.0
HMR_2470	0.0
HMR_6397	0.0
HMR_6398	0.0
HMR_6399	0.0
HMR_6400	0.0
HMR_6401	0.0
HMR_6402	0.0
HMR_6403	0.0
HMR_6404	0.0
HMR_2472	0.0
HMR_2475	0.0
HMR_2478	0.0
HMR_2480	0.0
HMR_2482	0.0
HMR_2484	0.0
HMR_2486	0.0
HMR_2489	0.0
HMR_2491	0.0
HMR_2493	0.0
HMR_2495	0.0
HMR_2497	0.0
HMR_2499	0.0
HMR_2501	0.0
HMR_2503	0.0
HMR_2505	0.0
HMR_2510	0.0
HMR_2511	0.0
HMR_2512	0.0
HMR_2513	0.0
HMR_2514	0.0
HMR_2515	0.0
HMR_2516	0.0
HMR_2518	0.0
HMR_2520	0.0
HMR_2522	0.0
HMR_2524	0.0
HMR_2526	0.0
HMR_2528	0.0
HMR_2530	0.0
HMR_2533	0.0
HMR_2535	0.0
HMR_2537	0.0
HMR_2540	0.0
HMR_2541	0.0
HMR_2542	0.0
HMR_2543	0.0
HMR_2544	0.0
HMR_2545	0.0
HMR_2546	0.0
HMR_2548	0.0
HMR_2549	0.0
HMR_2550	0.0
HMR_2551	0.0
HMR_2552	0.0
HMR_2553	0.0
HMR_2555	0.0
HMR_2556	0.0
HMR_2557	0.0
HMR_2558	0.0
HMR_2559	0.0
HMR_2560	0.0
HMR_2561	0.0
HMR_2562	0.0
HMR_2563	0.0
HMR_2565	0.0
HMR_2566	0.0
HMR_2567	0.0
HMR_2568	0.0
HMR_2570	0.0
HMR_2571	0.0
HMR_2572	0.0
HMR_2573	0.0
HMR_2574	0.0
HMR_2576	0.0
HMR_2577	0.0
HMR_2578	0.0
HMR_2579	0.0
HMR_2580	0.0
HMR_2581	0.0
HMR_2582	0.0
HMR_2583	0.0
HMR_2584	0.0
HMR_2586	0.0
HMR_2587	0.0
HMR_2588	0.0
HMR_2368	0.0
HMR_2371	0.0
HMR_2374	0.0
HMR_2376	0.0
HMR_2378	0.0
HMR_2380	0.0
HMR_2383	0.0
HMR_2387	0.0
HMR_2389	0.0
HMR_2391	0.0
HMR_2393	0.0
HMR_2395	0.0
HMR_2397	0.0
HMR_2399	0.0
HMR_2401	0.0
HMR_2403	0.0
HMR_2408	0.0
HMR_2409	0.0
HMR_2410	0.0
HMR_2411	0.0
HMR_2412	0.0
HMR_2415	0.0
HMR_2417	0.0
HMR_2419	0.0
HMR_2421	0.0
HMR_2423	0.0
HMR_2426	0.0
HMR_2428	0.0
HMR_2430	0.0
HMR_2433	0.0
HMR_2434	0.0
HMR_2435	0.0
HMR_2436	0.0
HMR_3444	0.0
HMR_3445	0.0
HMR_3446	0.0
HMR_3447	0.0
HMR_3448	0.0
HMR_3449	0.0
HMR_3450	0.0
HMR_3452	0.0
HMR_3453	0.0
HMR_3454	0.0
HMR_3455	0.0
HMR_3456	0.0
HMR_3457	0.0
HMR_3458	0.0
HMR_3459	0.0
HMR_3460	0.0
HMR_3461	0.0
HMR_3462	0.0
HMR_3463	0.0
HMR_3464	0.0
HMR_3466	0.0
HMR_3467	0.0
HMR_3468	0.0
HMR_3469	0.0
HMR_3470	0.0
HMR_3471	0.0
HMR_3472	0.0
HMR_0931	0.0
HMR_0932	0.0
HMR_0933	0.0
HMR_0934	0.0
HMR_0935	0.0
HMR_0936	0.0
HMR_0937	0.0
HMR_0938	0.0
HMR_0939	0.0
HMR_0940	0.0
HMR_0941	0.0
HMR_0942	0.0
HMR_0943	0.0
HMR_0944	0.0
HMR_0945	0.0
HMR_0946	0.0
HMR_0947	0.0
HMR_0948	0.0
HMR_0949	0.0
HMR_0950	0.0
HMR_0951	0.0
HMR_0953	0.0
HMR_0954	0.0
HMR_0955	0.0
HMR_0956	0.0
HMR_0957	0.0
HMR_0958	0.0
HMR_0959	0.0
HMR_0960	0.0
HMR_0961	0.0
HMR_0963	0.0
HMR_0964	0.0
HMR_0967	0.0
HMR_0969	0.0
HMR_0971	0.0
HMR_0973	0.0
HMR_0976	0.0
HMR_0979	0.0
HMR_0980	0.0
HMR_0981	0.0
HMR_0983	0.0
HMR_0985	0.0
HMR_0986	0.0
HMR_0987	0.0
HMR_0988	0.0
HMR_0989	0.0
HMR_0990	0.0
HMR_0991	0.0
HMR_0992	0.0
HMR_0993	0.0
HMR_0994	0.0
HMR_0995	0.0
HMR_0996	0.0
HMR_0997	0.0
HMR_0998	0.0
HMR_0999	0.0
HMR_1000	0.0
HMR_1002	0.0
HMR_1003	0.0
HMR_1004	0.0
HMR_1006	0.0
HMR_1007	0.0
HMR_1008	0.0
HMR_1010	0.0
HMR_1011	0.0
HMR_1013	0.0
HMR_1014	0.0
HMR_1015	0.0
HMR_1016	0.0
HMR_1017	0.0
HMR_1018	0.0
HMR_1020	0.0
HMR_1021	0.0
HMR_1022	0.0
HMR_1023	0.0
HMR_1025	0.0
HMR_1026	0.0
HMR_1027	0.0
HMR_1028	0.0
HMR_1029	0.0
HMR_1030	0.0
HMR_1033	0.0
HMR_1034	0.0
HMR_1037	0.0
HMR_1039	0.0
HMR_1040	0.0
HMR_1041	0.0
HMR_1042	0.0
HMR_1043	0.0
HMR_1045	0.0
HMR_1048	0.0
HMR_1049	0.0
HMR_1050	0.0
HMR_1053	0.0
HMR_1054	0.0
HMR_1055	0.0
HMR_1057	0.0
HMR_1058	0.0
HMR_1059	0.0
HMR_1061	0.0
HMR_1062	0.0
HMR_1063	0.0
HMR_1064	0.0
HMR_1065	0.0
HMR_1066	0.0
HMR_1067	0.0
HMR_1068	0.0
HMR_1069	0.0
HMR_1070	0.0
HMR_1071	0.0
HMR_1072	0.0
HMR_1073	0.0
HMR_1074	0.0
HMR_1075	0.0
HMR_1077	0.0
HMR_1079	0.0
HMR_3015	0.0
HMR_1080	0.0
HMR_1081	0.0
HMR_1084	0.0
HMR_1085	0.0
HMR_1087	0.0
HMR_1088	0.0
HMR_1091	0.0
HMR_1092	0.0
HMR_1093	0.0
HMR_1096	0.0
HMR_1097	0.0
HMR_1098	0.0
HMR_1099	0.0
HMR_1100	0.0
HMR_1101	0.0
HMR_1102	0.0
HMR_1103	0.0
HMR_1105	0.0
HMR_1106	0.0
HMR_1107	0.0
HMR_1108	0.0
HMR_1109	0.0
HMR_1110	0.0
HMR_1111	0.0
HMR_1112	0.0
HMR_1113	0.0
HMR_1114	0.0
HMR_1115	0.0
HMR_1116	0.0
HMR_1117	0.0
HMR_1119	0.0
HMR_1120	0.0
HMR_1121	0.0
HMR_1122	0.0
HMR_1123	0.0
HMR_1124	0.0
HMR_1125	0.0
HMR_1126	0.0
HMR_1127	0.0
HMR_1128	0.0
HMR_1129	0.0
HMR_1130	0.0
HMR_1131	0.0
HMR_1132	0.0
HMR_1133	0.0
HMR_1134	0.0
HMR_1136	0.0
HMR_1137	0.0
HMR_1138	0.0
HMR_1139	0.0
HMR_1140	0.0
HMR_1142	0.0
HMR_1146	0.0
HMR_1147	0.0
HMR_1148	0.0
HMR_1149	0.0
HMR_1150	0.0
HMR_1151	0.0
HMR_1152	0.0
HMR_1153	0.0
HMR_1154	0.0
HMR_1155	0.0
HMR_1156	0.0
HMR_1157	0.0
HMR_1158	0.0
HMR_1159	0.0
HMR_1160	0.0
HMR_1161	0.0
HMR_1162	0.0
HMR_1163	0.0
HMR_1164	0.0
HMR_1165	0.0
HMR_1166	0.0
HMR_1167	0.0
HMR_1168	0.0
HMR_1170	0.0
HMR_1171	0.0
HMR_1186	0.0
HMR_1190	0.0
HMR_1191	0.0
HMR_1192	0.0
HMR_1193	0.0
HMR_1194	0.0
HMR_1195	0.0
HMR_1196	0.0
HMR_1197	0.0
HMR_1198	0.0
HMR_1199	0.0
HMR_1200	0.0
HMR_1201	0.0
HMR_1202	0.0
HMR_1203	0.0
HMR_1204	0.0
HMR_1205	0.0
HMR_1206	0.0
HMR_1207	0.0
HMR_1208	0.0
HMR_1209	0.0
HMR_1210	0.0
HMR_1211	0.0
HMR_1212	0.0
HMR_1213	0.0
HMR_1228	0.0
HMR_1229	0.0
HMR_1230	0.0
HMR_1231	0.0
HMR_1232	0.0
HMR_1233	0.0
HMR_1234	0.0
HMR_1235	0.0
HMR_1236	0.0
HMR_1237	0.0
HMR_1238	0.0
HMR_1239	0.0
HMR_1241	0.0
HMR_1244	0.0
HMR_1245	0.0
HMR_1246	0.0
HMR_1247	0.0
HMR_1248	0.0
HMR_1249	0.0
HMR_1250	0.0
HMR_1251	0.0
HMR_1253	0.0
HMR_1254	0.0
HMR_1255	0.0
HMR_1256	0.0
HMR_1257	0.0
HMR_1258	0.0
HMR_1259	0.0
HMR_1260	0.0
HMR_1261	0.0
HMR_1262	0.0
HMR_1263	0.0
HMR_1264	0.0
HMR_1265	0.0
HMR_1266	0.0
HMR_1270	0.0
HMR_1271	0.0
HMR_1272	0.0
HMR_1273	0.0
HMR_1274	0.0
HMR_1275	0.0
HMR_1276	0.0
HMR_1277	0.0
HMR_1278	0.0
HMR_1279	0.0
HMR_1280	0.0
HMR_1281	0.0
HMR_1282	0.0
HMR_1285	0.0
HMR_1287	0.0
HMR_1288	0.0
HMR_1289	0.0
HMR_1290	0.0
HMR_1291	0.0
HMR_1292	0.0
HMR_1293	0.0
HMR_1294	0.0
HMR_1295	0.0
HMR_1296	0.0
HMR_1297	0.0
HMR_1298	0.0
HMR_1299	0.0
HMR_1300	0.0
HMR_1301	0.0
HMR_1302	0.0
HMR_1303	0.0
HMR_1304	0.0
HMR_4796	0.0
HMR_8545	0.0
HMR_8546	0.0
HMR_8547	0.0
HMR_8548	0.0
HMR_8549	0.0
HMR_8550	0.0
HMR_8552	0.0
HMR_8554	0.0
HMR_8555	0.0
HMR_8556	0.0
HMR_8557	0.0
HMR_8558	0.0
HMR_8559	0.0
HMR_8560	0.0
HMR_8561	0.0
HMR_0154	0.0
HMR_0189	0.0
HMR_0193	0.0
HMR_0197	0.0
HMR_0201	0.0
HMR_0206	0.0
HMR_0210	0.0
HMR_0214	0.0
HMR_0223	0.0
HMR_0230	0.0
HMR_0234	0.0
HMR_0238	0.0
HMR_0242	0.0
HMR_0246	0.0
HMR_0250	0.0
HMR_0256	0.0
HMR_0260	0.0
HMR_0264	0.0
HMR_0268	0.0
HMR_0272	0.0
HMR_0276	0.0
HMR_0280	0.0
HMR_0284	0.0
HMR_0290	0.0
HMR_0294	0.0
HMR_0298	0.0
HMR_0302	0.0
HMR_0306	0.0
HMR_0310	0.0
HMR_0314	0.0
HMR_0320	0.0
HMR_0324	0.0
HMR_0328	0.0
HMR_0332	0.0
HMR_0338	0.0
HMR_0342	0.0
HMR_0346	0.0
HMR_0350	0.0
HMR_0354	0.0
HMR_0358	0.0
HMR_0362	0.0
HMR_0366	0.0
HMR_0370	0.0
HMR_0374	0.0
HMR_0378	0.0
HMR_0382	0.0
HMR_0386	0.0
HMR_0390	0.0
HMR_0394	0.0
HMR_0398	0.0
HMR_0402	0.0
HMR_0406	0.0
HMR_0410	0.0
HMR_0414	0.0
HMR_0418	0.0
HMR_0422	0.0
HMR_0426	0.0
HMR_0430	0.0
HMR_0434	0.0
HMR_0438	0.0
HMR_3009	0.0
HMR_3475	0.0
HMR_3476	0.0
HMR_3477	0.0
HMR_0159	0.0
HMR_2591	0.0018117096018735361
HMR_2594	-0.0012456590950033599
HMR_2599	0.0
HMR_2602	0.0
HMR_2605	0.0
HMR_2608	0.0
HMR_2611	0.0
HMR_2614	0.0
HMR_2620	0.0
HMR_2623	0.0
HMR_2626	0.0
HMR_2633	0.0
HMR_2636	0.0
HMR_2642	0.0
HMR_2648	0.0
HMR_2651	0.0
HMR_2654	0.0
HMR_2657	0.0
HMR_2660	0.0
HMR_2663	0.0
HMR_2666	0.0
HMR_2669	0.0
HMR_2672	0.0
HMR_2675	0.0
HMR_2678	0.0
HMR_2681	0.0
HMR_2684	0.0
HMR_2687	0.0
HMR_2690	0.0
HMR_2693	0.0
HMR_2699	0.0
HMR_2702	0.0
HMR_2705	0.0
HMR_2708	0.0
HMR_2711	0.0
HMR_2714	0.00029016393442622945
HMR_2717	0.0
HMR_2720	0.0
HMR_2726	8.131516293641286e-21
HMR_2730	-1.5770213417970973e-18
HMR_2733	0.0
HMR_2736	0.0
HMR_2739	0.0
HMR_2742	0.0
HMR_2746	0.0
HMR_2752	0.0
HMR_2755	0.0
HMR_2759	0.0
HMR_2762	0.0
HMR_2768	0.0
HMR_2771	0.0
HMR_2774	0.0
HMR_2877	0.0
HMR_3032	0.0
HMR_3521	0.0
HMR_8419	0.0
HMR_0160	0.0
HMR_0161	0.0
HMR_0162	0.0
HMR_0163	0.0
HMR_2592	0.0
HMR_2593	-0.0018117096018735361
HMR_2596	0.0
HMR_2598	0.0
HMR_2600	0.0
HMR_2601	0.0
HMR_2603	0.0
HMR_2604	0.0
HMR_2606	0.0
HMR_2607	0.0
HMR_2609	0.0
HMR_2610	0.0
HMR_2612	0.0
HMR_2613	0.0
HMR_2616	0.0
HMR_2618	0.0
HMR_2621	0.0
HMR_2622	0.0
HMR_2624	0.0
HMR_2625	0.0
HMR_2629	0.0
HMR_2630	0.0
HMR_2634	0.0
HMR_2635	0.0
HMR_2638	0.0
HMR_2640	0.0
HMR_2644	0.0
HMR_2646	0.0
HMR_2649	0.0
HMR_2650	0.0
HMR_2652	0.0
HMR_2653	0.0
HMR_2655	-0.00029016393442622945
HMR_2656	0.00029016393442622945
HMR_2658	0.0
HMR_2659	0.0
HMR_2661	0.0
HMR_2662	0.0
HMR_2664	0.0
HMR_2665	0.0
HMR_2667	0.0
HMR_2668	0.0
HMR_2670	0.0
HMR_2671	0.0
HMR_2673	0.0
HMR_2674	0.0
HMR_2676	0.0
HMR_2677	0.0
HMR_2679	0.0
HMR_2680	0.0
HMR_2682	0.0
HMR_2683	0.0
HMR_2685	0.0
HMR_2686	0.0
HMR_2688	0.0
HMR_2689	0.0
HMR_2691	0.0
HMR_2692	0.0
HMR_2695	0.0
HMR_2697	0.0
HMR_2700	0.0
HMR_2701	0.0
HMR_2703	0.0
HMR_2704	0.0
HMR_2706	0.0
HMR_2707	0.0
HMR_2709	0.0
HMR_2710	0.0
HMR_2712	0.0
HMR_2713	0.0
HMR_2715	0.0
HMR_2716	0.0
HMR_2718	0.0
HMR_2719	0.0
HMR_2722	0.0
HMR_2724	0.0
HMR_2727	8.131516293641286e-21
HMR_2729	-8.131516293641286e-21
HMR_2731	0.0
HMR_2732	1.5770213417970973e-18
HMR_2734	0.0
HMR_2735	0.0
HMR_2737	0.0
HMR_2738	0.0
HMR_2740	0.0
HMR_2741	0.0
HMR_2744	-0.002021303123106404
HMR_2745	0.002021303123106404
HMR_2748	0.0
HMR_2750	0.0
HMR_2753	0.0
HMR_2754	0.0
HMR_2757	0.0
HMR_2758	0.0
HMR_2760	0.0
HMR_2761	0.0
HMR_2764	0.0
HMR_2766	0.0
HMR_2769	0.0
HMR_2770	0.0
HMR_2772	0.0
HMR_2773	0.0
HMR_2775	0.0
HMR_2776	0.0
HMR_3519	0.0
HMR_3520	0.0
HMR_8417	0.0
HMR_8418	0.0
HMR_3027	0.0
HMR_3028	0.0
HMR_3029	0.0
HMR_3030	0.0
HMR_3033	0.0
HMR_3034	0.0
HMR_3035	0.0
HMR_3037	0.0
HMR_2778	0.0
HMR_2780	0.0
HMR_2783	0.0
HMR_2785	0.0
HMR_2787	0.0
HMR_2788	0.0
HMR_2789	0.0
HMR_2790	0.0
HMR_2791	0.0
HMR_2792	0.0
HMR_2793	0.0
HMR_2794	0.0
HMR_2795	0.0
HMR_2796	0.0
HMR_2797	0.0
HMR_2798	0.0
HMR_2799	0.0
HMR_2800	0.0
HMR_2801	0.0
HMR_2803	0.0
HMR_2805	0.0
HMR_2806	0.0
HMR_2807	0.0
HMR_2809	0.0
HMR_2811	0.0
HMR_2812	0.0
HMR_2813	0.0
HMR_2814	0.0
HMR_2815	0.0
HMR_2816	0.0
HMR_2817	0.00029016393442622945
HMR_2819	-0.00029016393442622945
HMR_2821	0.0
HMR_2822	0.0
HMR_2823	0.0
HMR_2824	0.0
HMR_2825	0.0
HMR_2827	0.0
HMR_2829	0.0
HMR_2830	0.0
HMR_2831	0.0
HMR_2832	0.0
HMR_2833	0.0
HMR_2834	0.0
HMR_2835	0.0
HMR_2836	0.0
HMR_2837	0.0
HMR_2838	0.0
HMR_2839	0.0
HMR_2840	0.0
HMR_2841	0.0
HMR_2842	0.0
HMR_2843	0.0
HMR_2844	0.0
HMR_2845	0.0
HMR_2846	0.0
HMR_2847	0.0
HMR_2848	0.0
HMR_2849	0.0
HMR_2850	0.0
HMR_2851	0.0
HMR_2852	0.0
HMR_2853	0.0
HMR_2854	0.0
HMR_2855	0.0
HMR_2856	0.0
HMR_2857	0.0
HMR_2859	0.0
HMR_2861	0.00029016393442622945
HMR_2862	-0.00029016393442622945
HMR_2863	0.0
HMR_2864	0.0
HMR_2865	0.0
HMR_2866	0.0
HMR_2867	0.0
HMR_2868	0.0
HMR_2869	0.0
HMR_2870	0.0
HMR_2871	0.0
HMR_2872	0.0
HMR_2873	0.0
HMR_2874	0.0
HMR_2875	0.0
HMR_2876	0.0
HMR_2878	0.0
HMR_2879	0.0
HMR_2880	0.0
HMR_2882	0.0
HMR_2884	0.0
HMR_2886	0.0
HMR_2888	0.0
HMR_2890	0.0
HMR_2892	0.0
HMR_2894	0.0
HMR_2896	0.0
HMR_2897	0.0
HMR_2898	0.0
HMR_2899	0.0
HMR_2900	0.0
HMR_2901	0.0
HMR_2902	0.0
HMR_2903	0.0
HMR_2904	0.0
HMR_2905	0.0
HMR_2906	0.0
HMR_2907	0.0
HMR_2908	0.0
HMR_2909	0.0
HMR_2910	0.0
HMR_2911	0.0
HMR_2912	0.0
HMR_2913	0.0
HMR_2914	0.0
HMR_2915	0.0
HMR_2916	0.0
HMR_2917	0.0
HMR_2918	0.0
HMR_2919	0.0
HMR_2920	0.0
HMR_2921	0.0
HMR_2922	0.0
HMR_2923	0.0
HMR_2924	0.0
HMR_2925	0.0
HMR_2926	0.0
HMR_2927	0.0
HMR_2928	0.0
HMR_2929	0.0
HMR_2930	0.0
HMR_2931	0.0
HMR_2932	0.0
HMR_0001	0.0
HMR_0002	0.0
HMR_0003	0.0
HMR_0005	0.0
HMR_0449	0.0
HMR_0604	0.0
HMR_0605	0.0
HMR_0665	0.0
HMR_0667	0.0
HMR_0668	0.0
HMR_0669	0.0
HMR_0670	0.0
HMR_0671	0.0
HMR_0672	0.0
HMR_0679	0.0
HMR_0680	0.0
HMR_0681	0.0
HMR_0682	0.0
HMR_0683	0.0
HMR_0684	0.0
HMR_7588	0.0
HMR_3053	0.0
HMR_3054	-8.131516293641286e-21
HMR_3055	1.807003620809174e-20
HMR_3057	0.0
HMR_3058	0.0
HMR_3059	0.0
HMR_3060	0.0
HMR_3062	0.0
HMR_3063	0.0
HMR_3064	0.0
HMR_3065	0.0
HMR_3066	0.0
HMR_3067	0.0
HMR_3068	0.0
HMR_3069	0.0
HMR_3070	0.0
HMR_3071	0.0
HMR_3072	0.0
HMR_3073	0.0
HMR_3074	0.0
HMR_3075	0.0
HMR_3076	0.0
HMR_3077	0.0
HMR_3078	0.0
HMR_3079	0.0
HMR_3080	0.0
HMR_3081	0.0
HMR_3082	0.0
HMR_3083	0.0
HMR_3084	0.0
HMR_3085	0.0
HMR_3086	0.0
HMR_3087	0.0
HMR_3088	0.0
HMR_3089	0.0
HMR_3090	0.0
HMR_3091	0.0
HMR_3092	0.0
HMR_3093	0.0
HMR_3094	0.0
HMR_3095	0.0
HMR_3096	0.0
HMR_3097	0.0
HMR_3098	0.0
HMR_3099	0.0
HMR_3100	0.0
HMR_3101	0.0
HMR_3102	0.0
HMR_3103	0.0
HMR_3104	0.0
HMR_3106	-2.168404344971009e-19
HMR_3056	0.0
HMR_3326	0.0
HMR_3327	0.0
HMR_3328	0.0
HMR_3329	0.0
HMR_3330	0.0
HMR_3331	0.0
HMR_3332	0.0
HMR_3333	0.0
HMR_3334	0.0
HMR_3335	0.0
HMR_3336	0.0
HMR_3337	0.0
HMR_3338	0.0
HMR_3339	0.0
HMR_3340	0.0
HMR_3341	0.0
HMR_3342	0.0
HMR_3343	0.0
HMR_3344	0.0
HMR_3345	0.0
HMR_3346	0.0
HMR_3347	0.0
HMR_3348	0.0
HMR_3349	0.0
HMR_3350	0.0
HMR_3351	0.0
HMR_3352	0.0
HMR_3353	0.0
HMR_3355	0.0
HMR_3364	0.0
HMR_3365	0.0
HMR_3367	0.0
HMR_3368	0.0
HMR_3369	0.0
HMR_3370	0.0
HMR_3372	0.0
HMR_3373	0.0
HMR_3375	0.0
HMR_3478	0.0
HMR_3480	0.0
HMR_3481	0.0
HMR_3482	0.0
HMR_3484	0.0
HMR_3486	0.0
HMR_3488	0.0
HMR_3489	0.0
HMR_3491	0.0
HMR_3493	0.0
HMR_3498	0.0
HMR_3501	0.0
HMR_3503	0.0
HMR_3505	0.0
HMR_3506	0.0
HMR_3508	0.0
HMR_3509	0.0
HMR_3510	0.0
HMR_3511	0.0
HMR_3512	0.0
HMR_3513	0.0
HMR_3514	0.0
HMR_3515	0.0
HMR_3517	0.0
HMR_3301	0.0
HMR_3302	0.0
HMR_3304	0.0
HMR_3305	0.0
HMR_3306	0.0
HMR_3307	0.0
HMR_3309	0.0
HMR_3310	0.0
HMR_3311	0.0
HMR_3312	0.0
HMR_3314	0.0
HMR_3315	0.0
HMR_3316	0.0
HMR_3317	0.0
HMR_3319	0.0
HMR_3320	0.0
HMR_3321	0.0
HMR_3322	0.0
HMR_3323	0.0
HMR_3107	0.0
HMR_3108	0.0
HMR_3109	0.0
HMR_3110	0.0
HMR_3111	0.0
HMR_3112	0.0
HMR_3113	0.0
HMR_3114	0.0
HMR_3115	0.0
HMR_3116	0.0
HMR_3117	0.0
HMR_3118	0.0
HMR_3121	0.0
HMR_3122	0.0
HMR_3123	0.0
HMR_3125	0.0
HMR_3128	0.0
HMR_3129	0.0
HMR_3130	0.0
HMR_3132	0.0
HMR_3135	0.0
HMR_3136	0.0
HMR_3137	0.0
HMR_3139	0.0
HMR_3142	0.0
HMR_3143	0.0
HMR_3144	0.0
HMR_3146	0.0
HMR_3149	0.0
HMR_3150	0.0
HMR_3151	0.0
HMR_3153	0.0
HMR_3156	0.0
HMR_3157	0.0
HMR_3158	0.0
HMR_3160	0.0
HMR_3398	0.0
HMR_3406	0.0
HMR_3407	0.0
HMR_3408	0.0
HMR_3409	0.0
HMR_3411	0.0
HMR_3413	0.0
HMR_3414	0.0
HMR_3416	0.0
HMR_3421	0.0
HMR_3422	0.0
HMR_3423	0.0
HMR_3424	0.0
HMR_3425	0.0
HMR_3426	0.0
HMR_9719	0.0
HMR_3427	0.0
HMR_3428	0.0
HMR_3429	8.131516293641286e-21
HMR_3430	-1.5770213417970973e-18
HMR_3431	0.0
HMR_3432	0.0
HMR_3433	0.0
HMR_3170	0.0
HMR_3171	0.0
HMR_3172	0.0
HMR_3173	0.0
HMR_3174	0.0
HMR_3175	0.0
HMR_3176	0.0
HMR_3177	0.0
HMR_3178	0.0
HMR_3179	0.0
HMR_3180	0.0
HMR_3181	0.0
HMR_3182	0.0
HMR_3183	0.0
HMR_3184	0.0
HMR_3185	0.0
HMR_3186	0.0
HMR_3187	0.0
HMR_3188	0.0
HMR_3189	0.0
HMR_3190	0.0
HMR_3191	0.0
HMR_3192	0.0
HMR_3193	0.0
HMR_3194	0.0
HMR_3195	0.0
HMR_3196	0.0
HMR_3197	0.0
HMR_3198	0.0
HMR_3199	0.0
HMR_3200	0.0
HMR_3201	0.0
HMR_3202	0.0
HMR_3203	0.0
HMR_3204	0.0
HMR_3205	0.0
HMR_3396	0.0
HMR_3397	0.0
HMR_3240	0.0
HMR_3241	0.0
HMR_3242	0.0
HMR_3243	0.0
HMR_3244	0.0
HMR_3245	0.0
HMR_3246	0.0
HMR_3247	0.0
HMR_3250	0.0
HMR_3252	0.0
HMR_3254	0.0
HMR_3256	0.0
HMR_3258	0.0
HMR_3260	0.0
HMR_3262	0.0
HMR_3264	0.0
HMR_3272	0.0
HMR_3356	0.0
HMR_3357	0.0
HMR_3358	0.0
HMR_3359	0.0
HMR_3360	0.0
HMR_3361	0.0
HMR_3362	0.0
HMR_3363	0.0
HMR_3218	0.0
HMR_3219	0.0
HMR_3220	0.0
HMR_3221	0.0
HMR_3222	0.0
HMR_3223	0.0
HMR_3224	0.0
HMR_3225	0.0
HMR_3226	0.0
HMR_3227	0.0
HMR_3228	0.0
HMR_3229	0.0
HMR_3230	0.0
HMR_3231	0.0
HMR_3232	0.0
HMR_3233	0.0
HMR_3234	0.0
HMR_3235	0.0
HMR_3236	0.0
HMR_3237	0.0
HMR_3239	0.0
HMR_3275	0.0
HMR_3277	0.0
HMR_3278	0.0
HMR_3279	0.0
HMR_3280	0.0
HMR_3281	0.0
HMR_3282	0.0
HMR_3283	0.0
HMR_3284	0.0
HMR_3285	0.0
HMR_3286	0.0
HMR_3287	0.0
HMR_3288	0.0
HMR_3290	0.0
HMR_3292	0.0
HMR_3293	0.0
HMR_3294	0.0
HMR_3296	0.0
HMR_3298	0.0
HMR_1174	0.0
HMR_1175	0.0
HMR_1176	0.0
HMR_1177	0.0
HMR_1178	0.0
HMR_1179	0.0
HMR_1180	0.0
HMR_1181	0.0
HMR_1182	0.0
HMR_1183	0.0
HMR_1184	0.0
HMR_1216	0.0
HMR_1217	0.0
HMR_1218	0.0
HMR_1219	0.0
HMR_1220	0.0
HMR_1221	0.0
HMR_1222	0.0
HMR_1223	0.0
HMR_1224	0.0
HMR_1225	0.0
HMR_1226	0.0
HMR_3522	0.0
HMR_3523	0.0
HMR_3524	0.0
HMR_3525	0.0
HMR_3526	0.0
HMR_3527	0.0
HMR_3528	0.0
HMR_3529	0.0
HMR_3530	0.0
HMR_3531	0.0
HMR_3532	0.0
HMR_3533	0.0
HMR_3534	0.0
HMR_1573	-2.168404344971009e-19
HMR_6901	0.0
HMR_6903	0.0
HMR_6904	0.0
HMR_6905	0.0
HMR_6906	0.0
HMR_6907	0.0
HMR_6908	0.0
HMR_6909	0.0
HMR_6910	0.0
HMR_7165	0.0
HMR_7166	0.0
HMR_7167	0.0
HMR_7168	0.0
HMR_7169	0.0
HMR_7170	0.0
HMR_9722	0.0
HMR_1644	0.0
HMR_1651	0.0
HMR_1920	0.0
HMR_1924	0.0
HMR_1926	0.0
HMR_1927	0.0
HMR_1928	0.0
HMR_1929	0.0
HMR_1931	0.0
HMR_1932	0.0
HMR_1933	0.0
HMR_1934	0.0
HMR_1935	0.0
HMR_1940	0.0
HMR_1941	0.0
HMR_1942	0.0
HMR_1943	0.0
HMR_1948	0.0
HMR_1949	0.0
HMR_1950	0.0
HMR_1951	0.0
HMR_1989	0.0
HMR_1990	0.0
HMR_1991	0.0
HMR_1992	0.0
HMR_1993	0.0
HMR_2002	0.0
HMR_2003	0.0
HMR_2004	0.0
HMR_2005	0.0
HMR_2007	0.0
HMR_2009	0.0
HMR_2010	0.0
HMR_2011	0.0
HMR_4766	0.0
HMR_6793	0.0
HMR_6794	0.0
HMR_6795	0.0
HMR_6796	0.0
HMR_7648	0.0
HMR_7928	0.0
HMR_7930	0.0
HMR_7931	0.0
HMR_7932	0.0
HMR_7934	0.0
HMR_7935	0.0
HMR_7936	0.0
HMR_7937	0.0
HMR_7938	0.0
HMR_7939	0.0
HMR_7940	0.0
HMR_7941	0.0
HMR_7942	-0.0015479156908665107
HMR_7943	0.0015479156908665107
HMR_7945	0.0
HMR_7948	0.0
HMR_7950	0.0
HMR_7952	0.0
HMR_7954	0.0
HMR_7955	0.0
HMR_7957	0.0
HMR_7958	0.0
HMR_7959	0.0
HMR_7962	0.0
HMR_7965	0.0
HMR_7968	0.0
HMR_2041	0.0
HMR_7970	0.0
HMR_7971	0.0
HMR_7972	0.0
HMR_7973	0.0
HMR_7974	0.0
HMR_7976	0.0
HMR_7978	0.0
HMR_7980	0.0
HMR_7984	0.0
HMR_7987	0.0
HMR_1944	0.0
HMR_1945	0.0
HMR_1952	0.0
HMR_1953	0.0
HMR_1958	0.0
HMR_1959	0.0
HMR_1960	0.0
HMR_1962	0.0
HMR_1963	0.0
HMR_1967	0.0
HMR_1968	0.0
HMR_1969	0.0
HMR_1970	0.0
HMR_1971	0.0
HMR_1973	0.0
HMR_1974	0.0
HMR_1976	0.0
HMR_1977	0.0
HMR_1978	0.0
HMR_1982	0.0
HMR_1983	0.0
HMR_2014	0.0
HMR_2015	0.0
HMR_2016	0.0
HMR_2017	0.0
HMR_2018	0.0
HMR_2019	0.0
HMR_2020	0.0
HMR_2022	0.0
HMR_2024	0.0
HMR_2025	0.0
HMR_1440	0.0
HMR_1445	0.0
HMR_1448	0.0
HMR_1454	0.0
HMR_1465	0.0
HMR_1467	0.0
HMR_1470	0.0
HMR_1473	0.0
HMR_1477	0.0
HMR_1478	0.0
HMR_1479	0.0
HMR_1484	0.0
HMR_1490	0.0
HMR_1493	0.0
HMR_1494	0.0
HMR_1495	0.0
HMR_1496	0.0
HMR_1500	0.0
HMR_1502	0.0
HMR_1503	0.0
HMR_1504	0.0
HMR_1505	0.0
HMR_1509	0.0
HMR_1512	0.0
HMR_1516	0.0
HMR_1519	0.0
HMR_1526	0.0
HMR_1533	0.0
HMR_1557	0.0
HMR_1558	0.0
HMR_1565	0.0
HMR_1535	0.0
HMR_1536	0.0
HMR_1538	0.0
HMR_1539	0.0
HMR_1540	0.0
HMR_1543	0.0
HMR_1544	0.0
HMR_1545	0.0
HMR_1546	0.0
HMR_1547	0.0
HMR_1548	0.0
HMR_1549	0.0
HMR_1550	0.0
HMR_1551	0.0
HMR_1552	0.0
HMR_1553	0.0
HMR_1437	0.0
HMR_1451	0.0
HMR_1457	0.0
HMR_1460	0.0
HMR_1531	0.0
HMR_1570	0.0
HMR_1576	0.0
HMR_1577	0.0
HMR_3105	0.0
HMR_4630	-2.168404344971009e-19
HMR_2029	0.0
HMR_2030	0.0
HMR_2031	0.0
HMR_2032	0.0
HMR_2033	0.0
HMR_2034	0.0
HMR_2036	0.0
HMR_2037	0.0
HMR_2038	0.0
HMR_2042	0.0
HMR_2043	0.0
HMR_2044	0.0
HMR_2045	0.0
HMR_2046	0.0
HMR_2047	0.0
HMR_2048	0.0
HMR_2049	0.0
HMR_2050	0.0
HMR_2051	0.0
HMR_2052	0.0
HMR_2053	0.0
HMR_2054	0.0
HMR_2055	0.0
HMR_2056	0.0
HMR_2057	0.0
HMR_2058	0.0
HMR_2059	0.0
HMR_2060	0.0
HMR_2061	0.0
HMR_2062	0.0
HMR_2063	0.0
HMR_2064	0.0
HMR_2068	0.0
HMR_2069	0.0
HMR_2070	0.0
HMR_2071	0.0
HMR_2072	0.0
HMR_2073	0.0
HMR_2074	0.0
HMR_2075	0.0
HMR_2076	0.0
HMR_2077	0.0
HMR_2078	0.0
HMR_2079	0.0
HMR_2083	0.0
HMR_2084	0.0
HMR_2085	0.0
HMR_2086	0.0
HMR_2088	0.0
HMR_2089	0.0
HMR_2091	0.0
HMR_2095	0.0
HMR_2096	0.0
HMR_2097	0.0
HMR_2098	0.0
HMR_2099	0.0
HMR_2100	0.0
HMR_2102	0.0
HMR_2106	0.0
HMR_2107	0.0
HMR_2108	0.0
HMR_2109	0.0
HMR_2110	0.0
HMR_2111	0.0
HMR_2112	0.0
HMR_2113	0.0
HMR_3537	0.0
HMR_3538	0.0
HMR_3539	0.0
HMR_3540	0.0
HMR_3541	0.0
HMR_3542	0.0
HMR_3543	0.0
HMR_3544	0.0
HMR_3545	0.0
HMR_3546	0.0
HMR_3547	0.0
HMR_3548	0.0
HMR_3549	0.0
HMR_3550	0.0
HMR_3551	0.0
HMR_3552	0.0
HMR_3553	0.0
HMR_3554	0.0
HMR_3555	0.0
HMR_3556	0.0
HMR_3557	0.0
HMR_3558	0.0
HMR_3559	0.0
HMR_3560	0.0
HMR_3561	0.0
HMR_3562	0.0
HMR_3563	0.0
HMR_3564	0.0
HMR_3565	0.0
HMR_3566	0.0
HMR_3567	0.0
HMR_3568	0.0
HMR_3569	0.0
HMR_3570	0.0
HMR_3571	0.0
HMR_3572	0.0
HMR_3573	0.0
HMR_3574	0.0
HMR_3575	0.0
HMR_3576	0.0
HMR_3577	0.0
HMR_3578	0.0
HMR_3579	0.0
HMR_3580	0.0
HMR_3581	0.0
HMR_3582	0.0
HMR_3583	0.0
HMR_3584	0.0
HMR_3585	0.0
HMR_3586	0.0
HMR_3587	0.0
HMR_3588	0.0
HMR_3589	0.0
HMR_3590	0.0
HMR_3591	0.0
HMR_3592	0.0
HMR_3593	0.0
HMR_3594	0.0
HMR_3595	0.0
HMR_3596	0.0
HMR_3622	0.0
HMR_3625	0.0
HMR_3626	0.0
HMR_3627	0.0
HMR_3628	0.0
HMR_3629	0.0
HMR_3630	0.0
HMR_3631	0.0
HMR_3632	0.0
HMR_3633	0.0
HMR_3634	0.0
HMR_3635	0.0
HMR_3636	0.0
HMR_3637	0.0
HMR_3638	0.0
HMR_3639	0.0
HMR_3640	0.0
HMR_3641	0.0
HMR_3642	0.0
HMR_3643	0.0
HMR_3644	0.0
HMR_3645	0.0
HMR_3646	0.0
HMR_3647	0.0
HMR_3648	0.0
HMR_3649	0.0
HMR_3650	0.0
HMR_3651	0.0
HMR_3652	0.0
HMR_3653	0.0
HMR_3654	0.0
HMR_3655	0.0
HMR_3656	0.0
HMR_3657	0.0
HMR_3658	0.0
HMR_3659	0.0
HMR_3660	0.0
HMR_3661	0.0
HMR_3662	0.0
HMR_3663	0.0
HMR_3664	0.0
HMR_3665	0.0
HMR_3666	0.0
HMR_3667	0.0
HMR_3668	0.0
HMR_3669	0.0
HMR_3670	0.0
HMR_3671	0.0
HMR_3672	0.0
HMR_3673	0.0
HMR_3674	0.0
HMR_3675	0.0
HMR_3676	0.0
HMR_3677	0.0
HMR_3678	0.0
HMR_3679	0.0
HMR_3680	0.0
HMR_3681	0.0
HMR_3682	0.0
HMR_3683	0.0
HMR_3684	0.0
HMR_3685	0.0
HMR_3686	0.0
HMR_3687	0.0
HMR_3688	0.0
HMR_3689	0.0
HMR_3690	0.0
HMR_3691	0.0
HMR_3692	0.0
HMR_3693	0.0
HMR_3694	0.0
HMR_3695	0.0
HMR_3696	0.0
HMR_3697	0.0
HMR_3698	0.0
HMR_3699	0.0
HMR_3700	0.0
HMR_3701	0.0
HMR_3702	0.0
HMR_3703	0.0
HMR_3704	0.0
HMR_3705	0.0
HMR_3706	0.0
HMR_3707	0.0
HMR_3708	0.0
HMR_3709	0.0
HMR_3710	0.0
HMR_3711	0.0
HMR_3712	0.0
HMR_3713	0.0
HMR_3714	0.0
HMR_3715	0.0
HMR_3716	0.0
HMR_3717	0.0
HMR_3718	0.0
HMR_3719	0.0
HMR_3720	0.0
HMR_3721	0.0
HMR_3722	0.0
HMR_3723	0.0
HMR_3724	0.0
HMR_3725	0.0
HMR_3726	0.0
HMR_3727	0.0
HMR_3728	0.0
HMR_3729	0.0
HMR_3730	0.0
HMR_3731	0.0
HMR_3732	0.0
HMR_3733	0.0
HMR_3734	0.0
HMR_3735	0.0
HMR_3736	0.0
HMR_3737	0.0
HMR_3738	0.0
HMR_3739	0.0
HMR_3740	0.0
HMR_3741	0.0
HMR_3742	0.0
HMR_0715	0.0
HMR_0716	0.0
HMR_0733	0.0
HMR_0735	0.0
HMR_0736	0.2540432786885246
HMR_0738	0.0
HMR_0741	0.0
HMR_0744	0.0
HMR_0746	0.0
HMR_0748	0.0
HMR_0750	0.0
HMR_0753	0.0
HMR_0754	0.0
HMR_0758	2.508107540983606
HMR_0760	0.0
HMR_0761	0.0
HMR_0762	-4.5727310826748635e-15
HMR_0763	0.0
HMR_0765	0.0
HMR_0766	0.0
HMR_0767	0.0
HMR_0773	0.0
HMR_0775	0.0
HMR_0779	0.0
HMR_0781	0.0
HMR_0783	0.0
HMR_0795	0.0
HMR_8147	0.0
HMR_8148	0.0
HMR_8149	0.0
HMR_8150	0.0
HMR_8151	0.0
HMR_8152	0.0
HMR_8155	0.0
HMR_8156	0.0
HMR_8159	0.0
HMR_8162	0.0
HMR_8165	0.0
HMR_8166	0.0
HMR_8167	0.0
HMR_8168	0.0
HMR_8169	0.0
HMR_8170	0.0
HMR_8171	0.0
HMR_8172	0.0
HMR_8173	0.0
HMR_8174	0.0
HMR_8175	0.0
HMR_8176	0.0
HMR_8177	0.0
HMR_8178	0.0
HMR_8179	0.0
HMR_8180	0.0
HMR_8181	0.0
HMR_8182	0.0
HMR_8183	0.0
HMR_8184	0.0
HMR_8185	0.0
HMR_8186	0.0
HMR_8187	0.0
HMR_8188	0.0
HMR_8189	0.0
HMR_8190	0.0
HMR_8191	0.0
HMR_8192	0.0
HMR_8194	0.0
HMR_8197	0.0
HMR_8198	0.0
HMR_8201	0.0
HMR_0786	0.0
HMR_8206	0.0
HMR_8209	0.0
HMR_8210	0.0
HMR_8211	0.0
HMR_8212	0.0
HMR_8217	0.0
HMR_8219	0.0
HMR_8220	0.0
HMR_8221	0.0
HMR_8224	0.0
HMR_8226	0.0
HMR_8227	0.0
HMR_8228	0.0
HMR_8233	0.0
HMR_8235	0.0
HMR_8237	0.0
HMR_8238	0.0
HMR_8242	0.0
HMR_8245	0.0
HMR_8246	0.0
HMR_8248	0.0
HMR_8249	0.0
HMR_8250	0.0
HMR_8251	0.0
HMR_0453	0.0
HMR_0456	0.0
HMR_0458	0.0
HMR_0459	0.0
HMR_0463	0.0
HMR_0486	0.0
HMR_0487	0.0
HMR_0488	0.0
HMR_0489	0.0
HMR_0490	0.0
HMR_0491	0.0
HMR_0492	0.0
HMR_0493	0.0
HMR_0494	0.0
HMR_0495	0.0
HMR_0496	0.0
HMR_0497	0.0
HMR_0498	0.0
HMR_0499	0.0
HMR_0500	0.0
HMR_0501	0.0
HMR_0502	0.0
HMR_0503	0.0
HMR_0504	0.0
HMR_0505	0.0
HMR_0506	0.0
HMR_0507	0.0
HMR_0508	0.0
HMR_0509	0.0
HMR_0510	0.0
HMR_0511	0.0
HMR_0512	0.0
HMR_0513	0.0
HMR_0514	0.0
HMR_0515	0.0
HMR_0516	0.0
HMR_0517	0.0
HMR_0518	0.0
HMR_0519	0.0
HMR_0520	0.0
HMR_0521	0.0
HMR_0522	0.0
HMR_0523	0.0
HMR_0524	0.0
HMR_0525	0.0
HMR_0526	0.0
HMR_0527	0.0
HMR_0528	0.0
HMR_0529	0.0
HMR_0530	0.0
HMR_0531	0.0
HMR_0532	0.0
HMR_0533	0.0
HMR_0534	0.0
HMR_0535	0.0
HMR_0536	0.0
HMR_0537	0.0
HMR_0538	0.0
HMR_0539	0.0
HMR_0540	0.0
HMR_0541	0.0
HMR_0542	0.0
HMR_0543	0.0
HMR_0544	0.0
HMR_0588	0.0
HMR_0596	0.0
HMR_0673	0.0
HMR_0674	0.0
HMR_0675	0.0
HMR_0676	0.0
HMR_0677	0.0
HMR_0678	0.0
HMR_4296	0.0
HMR_4390	0.0
HMR_5254	0.0
HMR_7599	0.0
HMR_0448	0.0
HMR_0450	0.0
HMR_0468	0.0
HMR_0478	0.0
HMR_0479	0.0
HMR_0481	0.0
HMR_0483	0.0
HMR_0482	0.0
HMR_0484	0.0
HMR_0579	0.08495737704918033
HMR_0580	0.08495737704918033
HMR_0581	0.08495737704918033
HMR_0582	0.0
HMR_0584	0.0
HMR_0586	0.08495737704918033
HMR_0589	0.0
HMR_0590	0.0
HMR_0591	0.0
HMR_0592	0.0
HMR_0593	0.0
HMR_0594	0.0
HMR_0597	0.0
HMR_0598	0.0007756440281030444
HMR_0599	0.0
HMR_0600	0.0
HMR_0601	0.0
HMR_0602	0.0
HMR_0607	0.0
HMR_0610	0.0
HMR_0613	0.0
HMR_0614	0.0007756440281030444
HMR_0615	0.0
HMR_0616	0.0
HMR_0622	0.0
HMR_0623	0.0
HMR_0625	0.0
HMR_0627	0.0
HMR_0629	0.0
HMR_0630	0.0
HMR_0632	2.3381927868852457
HMR_0633	0.0
HMR_0634	0.0
HMR_0635	0.0
HMR_0636	0.0
HMR_0638	0.0
HMR_0640	0.0
HMR_0641	0.0
HMR_0642	0.0
HMR_0643	0.0
HMR_0644	0.0
HMR_0645	0.0
HMR_0646	0.0
HMR_0647	0.0
HMR_0648	0.0
HMR_0649	0.0
HMR_0651	0.0007756440281030444
HMR_0653	0.0
HMR_0654	0.0
HMR_0657	0.0
HMR_0660	0.0
HMR_4627	0.0
HMR_4838	0.0
HMR_4839	0.0
HMR_7591	0.0
HMR_7594	0.0
HMR_7597	0.0
HMR_7601	0.0
HMR_7611	0.0
HMR_7612	0.0
HMR_7613	0.0
HMR_7755	0.0
HMR_8362	0.0
HMR_8421	0.0
HMR_8424	0.0
HMR_8518	0.0
HMR_8519	0.0
HMR_8521	0.0
HMR_8522	0.0
HMR_8523	0.0
HMR_8525	0.0
HMR_9805	0.0
HMR_0815	0.0
HMR_0816	0.0
HMR_0817	0.0
HMR_0819	0.05794284659258142
HMR_0820	0.0
HMR_0821	0.05794284659258142
HMR_0822	0.0
HMR_0823	0.0
HMR_0824	0.0
HMR_0825	0.0
HMR_0827	0.0
HMR_0828	0.0
HMR_0829	0.0
HMR_0830	0.0
HMR_0837	0.0
HMR_0838	0.0
HMR_0839	0.0
HMR_0840	0.0
HMR_0841	0.0
HMR_0842	0.0
HMR_0843	0.0
HMR_0844	0.0
HMR_0845	0.05794284659258142
HMR_0846	0.0
HMR_0847	0.05794284659258142
HMR_0848	0.0
HMR_0849	0.0
HMR_0850	0.0
HMR_0851	0.0
HMR_0852	0.0
HMR_0853	0.0
HMR_0854	0.0
HMR_0855	0.0
HMR_0856	0.0
HMR_0857	0.0
HMR_0858	0.0
HMR_0928	0.0
HMR_0801	0.0
HMR_0803	0.0
HMR_0805	0.0
HMR_0806	0.0
HMR_0807	0.0
HMR_0809	0.0
HMR_0810	0.0
HMR_0811	0.0
HMR_0812	0.0
HMR_0813	0.0
HMR_0814	0.0
HMR_0859	0.0
HMR_0860	0.0
HMR_0861	0.0
HMR_0862	0.0
HMR_0863	0.0
HMR_0864	0.0
HMR_0865	0.0
HMR_0866	0.0
HMR_0867	0.0
HMR_0868	0.0
HMR_0870	0.0
HMR_0871	0.0
HMR_0873	0.0
HMR_0875	0.0
HMR_0876	0.0
HMR_0877	0.0
HMR_0878	0.0
HMR_0879	0.0
HMR_0880	0.0
HMR_0881	0.0
HMR_0882	0.0
HMR_0883	0.0
HMR_0884	0.0
HMR_0885	0.0
HMR_0886	0.0
HMR_0887	0.0
HMR_0888	0.0
HMR_0889	0.0
HMR_0890	0.0
HMR_0891	0.0
HMR_0892	0.0
HMR_0893	0.0
HMR_0894	0.0
HMR_0895	0.0
HMR_0896	0.0
HMR_0897	0.0
HMR_0898	0.0
HMR_0899	0.0
HMR_0900	0.0
HMR_0901	0.0
HMR_0902	0.0
HMR_0903	0.0
HMR_0904	0.0
HMR_0905	0.0
HMR_0906	0.0
HMR_0907	0.0
HMR_0908	0.0
HMR_0909	0.0
HMR_0910	0.0
HMR_0911	0.0
HMR_0912	0.0
HMR_0787	0.0
HMR_0790	0.0
HMR_0792	0.0
HMR_0793	0.0
HMR_0794	0.0
HMR_0797	0.0
HMR_0804	0.0
HMR_0808	0.0
HMR_0826	0.0
HMR_0832	0.0
HMR_0834	0.0
HMR_0835	0.0
HMR_0836	0.0
HMR_0914	0.0
HMR_0915	0.0
HMR_0919	0.0
HMR_0920	0.0
HMR_0921	0.0
HMR_0924	0.0
HMR_0925	0.0
HMR_0926	0.0
HMR_7188	0.0
HMR_8378	0.0
HMR_8379	0.0
HMR_7185	0.0
HMR_8380	0.0
HMR_7186	0.0
HMR_8381	0.0
HMR_7187	0.0
HMR_8383	0.0
HMR_8384	0.0
HMR_8385	0.0
HMR_8387	0.0
HMR_8388	0.0
HMR_8389	0.0
HMR_8390	0.0
HMR_8391	0.0
HMR_8392	0.0
HMR_8393	0.0
HMR_8394	0.0
HMR_8395	0.0
HMR_8396	0.0
HMR_8397	0.0
HMR_8398	0.0
HMR_8399	0.0
HMR_8401	0.0
HMR_8402	0.0
HMR_8403	0.0
HMR_8404	0.0
HMR_8405	0.0
HMR_8406	0.0
HMR_8407	0.0
HMR_1979	0.0
HMR_1980	0.0
HMR_1981	0.0
HMR_1985	0.0
HMR_1987	0.0
HMR_1988	0.0
HMR_1995	0.0
HMR_1996	0.0
HMR_1999	0.0
HMR_2000	0.0
HMR_2001	0.0
HMR_1305	0.0
HMR_1307	0.0
HMR_1308	0.0
HMR_1310	0.0
HMR_1312	0.0
HMR_1313	0.0
HMR_1315	0.0
HMR_1317	0.0
HMR_1318	0.0
HMR_1319	0.0
HMR_1320	0.0
HMR_1321	0.0
HMR_1322	0.0
HMR_1323	0.0
HMR_1324	0.0
HMR_1325	0.0
HMR_1326	0.0
HMR_1327	0.0
HMR_1328	0.0
HMR_1329	0.0
HMR_1330	0.0
HMR_1332	0.0
HMR_1333	0.0
HMR_1334	0.0
HMR_1335	0.0
HMR_1336	0.0
HMR_1337	0.0
HMR_1338	0.0
HMR_1339	0.0
HMR_1341	0.0
HMR_1342	0.0
HMR_1343	0.0
HMR_1344	0.0
HMR_1345	0.0
HMR_1346	0.0
HMR_1347	0.0
HMR_1350	0.0
HMR_1352	0.0
HMR_1355	0.0
HMR_1356	0.0
HMR_1357	0.0
HMR_1358	0.0
HMR_1359	0.0
HMR_1360	0.0
HMR_1361	0.0
HMR_1362	0.0
HMR_1363	0.0
HMR_1364	0.0
HMR_1365	0.0
HMR_1366	0.0
HMR_1367	0.0
HMR_1370	0.0
HMR_1373	0.0
HMR_1374	0.0
HMR_1375	0.0
HMR_1376	0.0
HMR_1379	0.0
HMR_1382	0.0
HMR_1383	0.0
HMR_1384	0.0
HMR_1387	0.0
HMR_1388	0.0
HMR_1389	0.0
HMR_1390	0.0
HMR_1391	0.0
HMR_1393	0.0
HMR_1394	0.0
HMR_1395	0.0
HMR_1398	0.0
HMR_1401	0.0
HMR_1402	0.0
HMR_0703	0.0
HMR_0705	0.0
HMR_0706	0.0
HMR_0708	0.0
HMR_7598	0.0
HMR_7600	0.0
HMR_7602	0.0
HMR_7603	0.0
HMR_7604	0.0
HMR_7605	0.0
HMR_7606	0.0
HMR_7607	0.0
HMR_7610	0.0
HMR_7614	0.0
HMR_7615	0.0
HMR_0024	0.0
HMR_0025	0.0
HMR_0026	0.0
HMR_0027	0.0
HMR_0028	0.0
HMR_0029	0.0
HMR_0030	0.0
HMR_7200	0.0
HMR_7202	0.0
HMR_7203	0.0
HMR_7205	0.0
HMR_7206	0.0
HMR_7207	0.0
HMR_7208	0.0
HMR_7209	0.0
HMR_7210	0.0
HMR_7211	0.0
HMR_7212	0.0
HMR_7213	0.0
HMR_7214	0.0
HMR_7215	0.0
HMR_7216	0.0
HMR_7217	0.0
HMR_7218	0.0
HMR_7219	0.0
HMR_7220	0.0
HMR_7221	0.0
HMR_7222	0.0
HMR_7490	0.0
HMR_7491	0.0
HMR_7492	0.0
HMR_7493	0.0
HMR_7494	0.0
HMR_7495	0.0
HMR_7496	0.0
HMR_7497	0.0
HMR_7498	0.0
HMR_7509	0.0
HMR_7510	0.0
HMR_7519	0.0
HMR_7520	0.0
HMR_7521	0.0
HMR_7522	0.0
HMR_7534	0.0
HMR_7535	0.0
HMR_7536	0.0
HMR_7537	0.0
HMR_7538	0.0
HMR_7551	0.0
HMR_7552	0.0
HMR_7553	0.0
HMR_7554	0.0
HMR_7501	0.0
HMR_7502	0.0
HMR_7503	0.0
HMR_7504	0.0
HMR_7505	0.0
HMR_7506	0.0
HMR_7507	0.0
HMR_7508	0.0
HMR_7513	0.0
HMR_7514	0.0
HMR_7515	0.0
HMR_7516	0.0
HMR_7517	0.0
HMR_7518	0.0
HMR_7525	0.0
HMR_7526	0.0
HMR_7527	0.0
HMR_7528	0.0
HMR_7529	0.0
HMR_7530	0.0
HMR_7531	0.0
HMR_7532	0.0
HMR_7533	0.0
HMR_7541	0.0
HMR_7542	0.0
HMR_7543	0.0
HMR_7544	0.0
HMR_7545	0.0
HMR_7546	0.0
HMR_7547	0.0
HMR_7548	0.0
HMR_7549	0.0
HMR_7550	0.0
HMR_7557	0.0
HMR_7558	0.0
HMR_7559	0.0
HMR_7560	0.0
HMR_7561	0.0
HMR_7562	0.0
HMR_7563	0.0
HMR_7564	0.0
HMR_7565	0.0
HMR_7566	0.0
HMR_7567	0.0
HMR_7225	0.0
HMR_7226	0.0
HMR_7227	0.0
HMR_7228	0.0
HMR_7229	0.0
HMR_7230	0.0
HMR_7231	0.0
HMR_7232	0.0
HMR_7233	0.0
HMR_7234	0.0
HMR_7235	0.0
HMR_7236	0.0
HMR_7237	0.0
HMR_7238	0.0
HMR_7239	0.0
HMR_7240	0.0
HMR_7241	0.0
HMR_7242	0.0
HMR_7243	0.0
HMR_7244	0.0
HMR_7245	0.0
HMR_7246	0.0
HMR_7247	0.0
HMR_7248	0.0
HMR_7249	0.0
HMR_7250	0.0
HMR_7251	0.0
HMR_7571	0.0
HMR_7572	0.0
HMR_7573	0.0
HMR_7335	0.0
HMR_7336	0.0
HMR_7337	0.0
HMR_7338	0.0
HMR_7339	0.0
HMR_7340	0.0
HMR_7341	0.0
HMR_7342	0.0
HMR_7343	0.0
HMR_7344	0.0
HMR_7345	0.0
HMR_7346	0.0
HMR_7347	0.0
HMR_7348	0.0
HMR_7349	0.0
HMR_7350	0.0
HMR_7351	0.0
HMR_7352	0.0
HMR_7353	0.0
HMR_7354	0.0
HMR_7355	0.0
HMR_7356	0.0
HMR_7357	0.0
HMR_7358	0.0
HMR_7359	0.0
HMR_7360	0.0
HMR_7361	0.0
HMR_7362	0.0
HMR_7363	0.0
HMR_7364	0.0
HMR_7365	0.0
HMR_7366	0.0
HMR_7367	0.0
HMR_7368	0.0
HMR_7369	0.0
HMR_7370	0.0
HMR_7371	0.0
HMR_7442	0.0
HMR_7443	0.0
HMR_7444	0.0
HMR_7445	0.0
HMR_7446	0.0
HMR_7447	0.0
HMR_7448	0.0
HMR_7449	0.0
HMR_7450	0.0
HMR_7451	0.0
HMR_7452	0.0
HMR_7471	0.0
HMR_7472	0.0
HMR_7473	0.0
HMR_7474	0.0
HMR_7475	0.0
HMR_7476	0.0
HMR_7477	0.0
HMR_7478	0.0
HMR_7479	0.0
HMR_7480	0.0
HMR_7481	0.0
HMR_7373	0.0
HMR_7375	0.0
HMR_7376	0.0
HMR_7377	0.0
HMR_7378	0.0
HMR_7379	0.0
HMR_7380	0.0
HMR_7381	0.0
HMR_7382	0.0
HMR_7383	0.0
HMR_7384	0.0
HMR_7385	0.0
HMR_7386	0.0
HMR_7387	0.0
HMR_7388	0.0
HMR_7389	0.0
HMR_7390	0.0
HMR_7391	0.0
HMR_7392	0.0
HMR_7393	0.0
HMR_7394	0.0
HMR_7395	0.0
HMR_7396	0.0
HMR_7397	0.0
HMR_7398	0.0
HMR_7399	0.0
HMR_7400	0.0
HMR_7401	0.0
HMR_7402	0.0
HMR_7403	0.0
HMR_7404	0.0
HMR_7405	0.0
HMR_7406	0.0
HMR_7407	0.0
HMR_7408	0.0
HMR_7409	0.0
HMR_7410	0.0
HMR_7411	0.0
HMR_7412	0.0
HMR_7413	0.0
HMR_7414	0.0
HMR_7415	0.0
HMR_7416	0.0
HMR_7417	0.0
HMR_7418	0.0
HMR_7419	0.0
HMR_7420	0.0
HMR_7421	0.0
HMR_7422	0.0
HMR_7423	0.0
HMR_7424	0.0
HMR_7425	0.0
HMR_7426	0.0
HMR_7427	0.0
HMR_7455	0.0
HMR_7456	0.0
HMR_7457	0.0
HMR_7458	0.0
HMR_7459	0.0
HMR_7460	0.0
HMR_7461	0.0
HMR_7462	0.0
HMR_7463	0.0
HMR_7464	0.0
HMR_7465	0.0
HMR_7466	0.0
HMR_7467	0.0
HMR_7468	0.0
HMR_7469	0.0
HMR_7484	0.0
HMR_7485	0.0
HMR_7486	0.0
HMR_7487	0.0
HMR_7488	0.0
HMR_7489	0.0
HMR_8643	0.0
HMR_8645	0.0
HMR_8648	0.0
HMR_1581	0.0
HMR_1584	0.0
HMR_1585	0.0
HMR_1589	0.0
HMR_1590	0.0
HMR_1592	0.0
HMR_1593	0.0
HMR_1595	0.0
HMR_1598	0.0
HMR_1599	0.0
HMR_1604	0.0
HMR_1605	0.0
HMR_1608	0.0
HMR_1609	0.0
HMR_1610	0.0
HMR_1611	0.0
HMR_1613	0.0
HMR_1614	0.0
HMR_1619	0.0
HMR_1620	0.0
HMR_1622	0.0
HMR_1623	0.0
HMR_1624	0.0
HMR_1625	0.0
HMR_1627	0.0
HMR_1629	0.0
HMR_1630	0.0
HMR_1631	0.0
HMR_1632	0.0
HMR_1635	0.0
HMR_1637	0.0
HMR_1638	0.0
HMR_1639	0.0
HMR_1642	0.0
HMR_1646	0.0
HMR_1652	0.0
HMR_1653	0.0
HMR_1656	0.0
HMR_1659	0.0
HMR_1660	0.0
HMR_1662	0.0
HMR_1663	0.0
HMR_1665	0.0
HMR_1666	0.0
HMR_1667	0.0
HMR_1668	0.0
HMR_1670	0.0
HMR_1673	0.0
HMR_1676	0.0
HMR_1678	0.0
HMR_1679	0.0
HMR_1681	0.0
HMR_1682	0.0
HMR_1684	0.0
HMR_1685	0.0
HMR_1687	0.0
HMR_1689	0.0
HMR_1691	0.0
HMR_1692	0.0
HMR_1693	0.0
HMR_1694	0.0
HMR_1695	0.0
HMR_1696	0.0
HMR_1697	0.0
HMR_1699	0.0
HMR_1700	0.0
HMR_1701	0.0
HMR_1702	0.0
HMR_1703	0.0
HMR_1704	0.0
HMR_1706	0.0
HMR_1708	-2.168404344971009e-19
HMR_1710	-2.168404344971009e-19
HMR_1716	0.0
HMR_1717	0.0
HMR_1718	0.0
HMR_1720	0.0
HMR_1722	0.0
HMR_1723	0.0
HMR_1725	0.0
HMR_1726	0.0
HMR_1727	0.0
HMR_1729	0.0
HMR_1730	0.0
HMR_1735	0.0
HMR_1737	0.0
HMR_1738	0.0
HMR_1739	0.0
HMR_1740	0.0
HMR_1741	0.0
HMR_1742	0.0
HMR_1743	0.0
HMR_1744	0.0
HMR_1745	0.0
HMR_1746	0.0
HMR_1747	0.0
HMR_1748	0.0
HMR_1749	0.0
HMR_1750	0.0
HMR_1751	0.0
HMR_1752	0.0
HMR_1753	0.0
HMR_1754	0.0
HMR_1756	0.0
HMR_1758	0.0
HMR_1759	0.0
HMR_1760	0.0
HMR_1761	0.0
HMR_1762	0.0
HMR_1764	0.0
HMR_1765	0.0
HMR_1766	0.0
HMR_1767	0.0
HMR_1768	0.0
HMR_1769	0.0
HMR_1770	0.0
HMR_1771	0.0
HMR_1772	0.0
HMR_1774	0.0
HMR_1776	0.0
HMR_1777	0.0
HMR_1778	0.0
HMR_1781	0.0
HMR_1783	0.0
HMR_1784	0.0
HMR_1785	0.0
HMR_1786	0.0
HMR_1787	0.0
HMR_1790	0.0
HMR_1792	0.0
HMR_1794	0.0
HMR_1796	0.0
HMR_1797	0.0
HMR_1798	0.0
HMR_1800	0.0
HMR_1802	0.0
HMR_1803	0.0
HMR_1804	0.0
HMR_1805	0.0
HMR_1806	0.0
HMR_1807	0.0
HMR_1810	0.0
HMR_1811	0.0
HMR_1813	0.0
HMR_1815	0.0
HMR_1817	0.0
HMR_1819	0.0
HMR_1830	0.0
HMR_1831	0.0
HMR_1832	0.0
HMR_1833	0.0
HMR_1834	0.0
HMR_1835	0.0
HMR_1836	0.0
HMR_1837	0.0
HMR_1838	0.0
HMR_1839	0.0
HMR_1840	0.0
HMR_1841	0.0
HMR_1842	0.0
HMR_1843	0.0
HMR_1844	34.886311901592784
HMR_1845	0.0
HMR_1846	0.0
HMR_3799	0.0
HMR_3908	0.0
HMR_3910	0.0
HMR_3911	0.0
HMR_4679	0.0
HMR_8063	0.0
HMR_8064	0.0
HMR_8065	0.0
HMR_8759	0.0
HMR_1847	0.0
HMR_1848	0.0
HMR_1850	0.0
HMR_1852	0.0
HMR_1853	0.0
HMR_1854	0.0
HMR_1855	0.0
HMR_1857	0.0
HMR_1859	0.0
HMR_1861	0.0
HMR_1862	0.0
HMR_1863	0.0
HMR_1864	0.0
HMR_1865	0.0
HMR_1866	0.0
HMR_1867	0.0
HMR_1868	0.0
HMR_1870	0.0
HMR_1872	0.0
HMR_1874	0.0
HMR_1875	0.0
HMR_1876	0.0
HMR_1877	0.0
HMR_1878	0.0
HMR_1879	0.0
HMR_1880	0.0
HMR_1881	0.0
HMR_1882	0.0
HMR_1883	0.0
HMR_1884	0.0
HMR_1885	0.0
HMR_1886	0.0
HMR_1887	0.0
HMR_1888	0.0
HMR_1889	0.0
HMR_1890	0.0
HMR_1891	0.0
HMR_1892	0.0
HMR_1893	0.0
HMR_1894	0.0
HMR_1895	0.0
HMR_1896	0.0
HMR_1897	0.0
HMR_1403	0.0
HMR_1404	0.0
HMR_1405	0.0
HMR_1406	0.0
HMR_1407	0.0
HMR_1408	0.0
HMR_1409	0.0
HMR_1410	0.0
HMR_1411	0.0
HMR_1412	0.0
HMR_1413	0.0
HMR_1414	0.0
HMR_1415	0.0
HMR_1416	0.0
HMR_1417	0.0
HMR_1418	0.0
HMR_1419	0.0
HMR_1420	0.0
HMR_1421	0.0
HMR_1422	0.0
HMR_1423	0.0
HMR_1424	0.0
HMR_1425	0.0
HMR_1426	0.0
HMR_1427	0.0
HMR_1428	0.0
HMR_1429	0.0
HMR_1430	0.0
HMR_1431	0.0
HMR_1432	0.0
HMR_1433	0.0
HMR_8262	0.0
HMR_8263	0.0
HMR_8264	0.0
HMR_8267	0.0
HMR_8268	0.0
HMR_8271	0.0
HMR_8275	0.0
HMR_8276	0.0
HMR_8277	0.0
HMR_8278	0.0
HMR_8279	0.0
HMR_8280	0.0
HMR_8281	0.0
HMR_8284	0.0
HMR_8285	0.0
HMR_8286	0.0
HMR_8287	0.0
HMR_8288	0.0
HMR_8291	0.0
HMR_8292	0.0
HMR_8293	0.0
HMR_8294	0.0
HMR_8295	0.0
HMR_8298	0.0
HMR_8302	0.0
HMR_8305	0.0
HMR_8306	0.0
HMR_8307	0.0
HMR_8308	0.0
HMR_8309	0.0
HMR_8316	0.0
HMR_8317	0.0
HMR_8318	0.0
HMR_8319	0.0
HMR_8322	0.0
HMR_8325	0.0
HMR_8326	0.0
HMR_8327	0.0
HMR_8330	0.0
HMR_8331	0.0
HMR_8332	0.0
HMR_8333	0.0
HMR_8334	0.0
HMR_8337	0.0
HMR_0712	0.0
HMR_3992	0.0
HMR_4228	0.0
HMR_4251	0.0
HMR_4252	0.0
HMR_4253	0.0
HMR_4254	0.0
HMR_4255	0.0
HMR_4257	0.0
HMR_4259	0.0
HMR_4260	0.0
HMR_4261	0.0
HMR_4262	-0.035328337236533995
HMR_4263	0.0
HMR_4264	0.0
HMR_4265	0.0
HMR_4267	0.0
HMR_4268	0.0
HMR_4269	0.0054351288056206214
HMR_4270	0.0
HMR_4271	0.0
HMR_4276	0.0
HMR_4278	0.0
HMR_4279	0.0
HMR_4662	0.0
HMR_7142	0.0
HMR_7143	0.0
HMR_7623	0.0
HMR_7625	0.0
HMR_7627	0.0
HMR_7676	0.0
HMR_7677	0.0
HMR_7678	0.0
HMR_8788	0.0
HMR_8790	0.0
HMR_8791	0.0
HMR_3871	0.0
HMR_4058	0.0
HMR_4498	0.0
HMR_4499	0.0
HMR_4500	0.0
HMR_4714	0.0
HMR_4715	0.0
HMR_4716	0.0
HMR_4717	0.0
HMR_4718	0.0
HMR_4723	0.0
HMR_4725	0.0
HMR_4727	0.0
HMR_4730	0.0
HMR_4731	0.0
HMR_4732	0.0
HMR_4733	0.0
HMR_4734	0.0
HMR_7731	0.0
HMR_8792	0.0
HMR_0663	0.0
HMR_4308	0.0
HMR_6539	0.0
HMR_6540	0.0
HMR_6542	0.0
HMR_6543	0.0
HMR_6544	0.0
HMR_6545	0.0
HMR_6546	0.0
HMR_6547	0.0
HMR_6548	0.0
HMR_6549	0.0
HMR_6550	0.0
HMR_6551	0.0
HMR_6552	0.0
HMR_6553	0.0
HMR_6554	0.0
HMR_6555	0.0
HMR_6556	0.0
HMR_6557	0.0
HMR_6558	0.0
HMR_6559	0.0
HMR_6560	0.0
HMR_6561	0.0
HMR_6562	0.0
HMR_6563	0.0
HMR_6564	0.0
HMR_6565	0.0
HMR_6566	0.0
HMR_6567	0.0
HMR_6568	0.0
HMR_6569	0.0
HMR_6570	0.0
HMR_6571	0.0
HMR_6572	0.0
HMR_6573	0.0
HMR_6574	0.0
HMR_6575	0.0
HMR_6576	0.0
HMR_6579	0.0
HMR_6580	0.0
HMR_6581	0.0
HMR_6583	0.0
HMR_6584	0.0
HMR_6585	0.0
HMR_6587	0.0
HMR_6588	0.0
HMR_6589	0.0
HMR_6591	0.0
HMR_6592	0.0
HMR_6595	0.0
HMR_7652	0.0
HMR_7654	0.0
HMR_7655	0.0
HMR_7656	0.0
HMR_8799	0.0
HMR_8800	0.0
HMR_8801	0.0
HMR_8802	0.0
HMR_8803	0.0
HMR_8804	0.0
HMR_8805	0.0
HMR_8806	0.0
HMR_8807	0.0
HMR_8808	0.0
HMR_8809	0.0
HMR_8810	0.0
HMR_8811	0.0
HMR_8812	0.0
HMR_8813	0.0
HMR_8814	0.0
HMR_8815	0.0
HMR_8816	0.0
HMR_8817	0.0
HMR_8818	0.0
HMR_8819	0.0
HMR_8820	0.0
HMR_8821	0.0
HMR_8822	0.0
HMR_8823	0.0
HMR_8824	0.0
HMR_8825	0.0
HMR_8826	0.0
HMR_8827	0.0
HMR_8829	0.0
HMR_8830	0.0
HMR_8831	0.0
HMR_8833	0.0
HMR_8835	0.0
HMR_8836	0.0
HMR_3923	0.0
HMR_3925	0.0
HMR_3929	0.0
HMR_3972	0.0
HMR_4332	0.0
HMR_4333	-9.67228304367763
HMR_4335	0.0
HMR_4336	0.0
HMR_4338	0.0
HMR_4340	0.0
HMR_4440	0.0
HMR_4442	0.0
HMR_4444	0.0
HMR_4446	0.0
HMR_4448	0.0
HMR_4503	0.0
HMR_4505	0.0
HMR_4654	0.0
HMR_4655	-9.822353301288873
HMR_4656	0.0
HMR_4665	0.0
HMR_9726	0.0
HMR_4666	0.0
HMR_7145	0.0
HMR_7146	0.0
HMR_7147	0.0
HMR_7908	0.0
HMR_7909	0.0
HMR_7910	0.0
HMR_7911	0.0
HMR_7912	0.0
HMR_7913	0.0
HMR_7916	0.0
HMR_7919	0.0
HMR_7920	0.0
HMR_7921	0.0
HMR_7922	0.0
HMR_7925	0.0
HMR_8105	0.0
HMR_8106	0.0
HMR_8107	0.0
HMR_8108	0.0
HMR_8109	0.0
HMR_8110	0.0
HMR_8112	0.0
HMR_8113	0.0
HMR_8114	0.0
HMR_8115	0.0
HMR_8116	0.0
HMR_8117	0.0
HMR_8129	0.0
HMR_8130	0.0
HMR_8132	2.8076076338415676
HMR_8133	0.0
HMR_8135	0.0
HMR_8136	0.0
HMR_8137	0.0
HMR_8138	0.0
HMR_8139	0.0
HMR_8140	0.0
HMR_8141	0.0
HMR_8142	0.0
HMR_8143	0.0
HMR_8144	0.0
HMR_8758	0.0
HMR_7661	0.0
HMR_7662	0.0
HMR_7663	0.0007756440281030444
HMR_7668	0.0
HMR_7669	0.0
HMR_7670	0.0
HMR_7671	0.0
HMR_7672	0.0
HMR_7673	0.0
HMR_4160	0.0
HMR_4162	0.0
HMR_4163	0.0
HMR_4165	0.0
HMR_4166	0.0
HMR_4167	0.0
HMR_4169	0.0
HMR_4170	0.0
HMR_4523	0.0
HMR_4539	0.0
HMR_4540	0.0
HMR_4541	0.0
HMR_4542	0.0
HMR_4543	0.0
HMR_4544	0.0
HMR_4816	0.0
HMR_4817	0.0
HMR_4818	0.0
HMR_4833	0.0
HMR_4834	0.0
HMR_4835	0.0
HMR_4836	0.0
HMR_8538	0.0
HMR_8738	0.0
HMR_8739	0.0
HMR_8740	0.0
HMR_6393	0.0
HMR_6394	0.0
HMR_6396	0.0
HMR_6405	0.0
HMR_8345	0.0
HMR_8346	0.0
HMR_8348	0.0
HMR_8349	0.0
HMR_8619	0.0
HMR_8620	0.0
HMR_8621	0.0
HMR_8622	0.0
HMR_8623	0.0
HMR_8624	0.0
HMR_8625	0.0
HMR_3991	-5.551115123125783e-17
HMR_4657	0.0
HMR_4744	0.0
HMR_4746	0.0
HMR_4748	0.0
HMR_4750	0.0
HMR_4752	0.0
HMR_4755	0.0
HMR_4757	0.0
HMR_4758	0.0
HMR_4762	0.0
HMR_4763	0.0
HMR_4764	0.0
HMR_4768	0.0
HMR_4769	0.0
HMR_4770	0.0
HMR_4771	0.0
HMR_4772	0.0
HMR_4773	0.0
HMR_6395	0.0
HMR_8634	0.0
HMR_9717	0.0
HMR_6630	0.0027136299765807975
HMR_6631	0.0
HMR_6632	0.0027080093676814985
HMR_6633	0.0
HMR_6634	0.0007756440281030444
HMR_6635	0.0
HMR_6636	0.0
HMR_6637	0.0
HMR_6638	0.0007756440281030444
HMR_6639	0.0
HMR_6640	0.0
HMR_6641	0.0003866978922716627
HMR_6642	0.0003866978922716627
HMR_6643	0.0011623419203747071
HMR_6644	0.1032244549238521
HMR_6645	0.0
HMR_6646	0.0
HMR_6647	0.0011612177985948478
HMR_6648	0.0003866978922716627
HMR_6649	0.0003866978922716627
HMR_6650	0.0007733957845433255
HMR_6651	0.0007756440281030444
HMR_6652	0.0003866978922716627
HMR_6653	0.0003866978922716627
HMR_6654	0.0003866978922716627
HMR_6655	0.0003866978922716627
HMR_6656	0.0003866978922716627
HMR_6657	0.0003866978922716627
HMR_6658	0.0003866978922716627
HMR_6659	0.0
HMR_6660	0.0
HMR_6661	0.0
HMR_6662	-0.0003878220140515224
HMR_6663	0.0
HMR_6664	0.0003866978922716627
HMR_6665	0.0003866978922716627
HMR_6666	0.0
HMR_6667	0.0
HMR_6668	0.0003866978922716627
HMR_6669	0.0003866978922716627
HMR_6670	0.0
HMR_6671	0.0
HMR_6672	0.0
HMR_6673	-0.0003866978922716627
HMR_6674	0.0
HMR_6675	-0.0003866978922716627
HMR_6676	0.0
HMR_6677	0.0003866978922716627
HMR_6678	0.0003866978922716627
HMR_6679	0.0
HMR_6680	0.0
HMR_6681	0.0
HMR_6682	0.0007756440281030444
HMR_6683	0.0
HMR_6684	0.0
HMR_6685	0.0
HMR_6686	0.0
HMR_6687	0.0007756440281030444
HMR_6690	-0.0007756440281030444
HMR_6691	-0.0007756440281030444
HMR_6692	0.0007756440281030444
HMR_6693	0.0007756440281030444
HMR_6694	0.0
HMR_6695	0.0
HMR_6697	0.0
HMR_6699	0.0
HMR_6700	0.0003866978922716627
HMR_6701	0.0003866978922716627
HMR_6702	0.0003866978922716627
HMR_6703	0.0003866978922716627
HMR_6704	0.0
HMR_6705	0.0
HMR_8697	0.0
HMR_8698	0.0
HMR_8699	0.0
HMR_8700	0.0
HMR_8702	0.0
HMR_8703	0.0
HMR_8704	0.0
HMR_8706	0.0
HMR_8709	0.0
HMR_8710	0.0
HMR_8711	0.0
HMR_8712	0.0
HMR_8713	0.0
HMR_8717	0.0
HMR_6506	0.0
HMR_6507	0.0
HMR_6508	0.0
HMR_6509	0.0
HMR_6510	0.0
HMR_6511	0.0
HMR_4537	0.0
HMR_4545	0.0
HMR_4546	0.0
HMR_4547	0.0
HMR_4548	0.0
HMR_4549	0.0
HMR_4550	0.0
HMR_4551	0.0
HMR_4552	0.0
HMR_4553	0.0
HMR_4554	0.0
HMR_4555	0.0
HMR_4556	0.0
HMR_4557	0.0
HMR_4558	0.0
HMR_4559	0.0
HMR_4560	0.0
HMR_4561	0.0
HMR_4563	0.0
HMR_4564	0.0
HMR_4204	0.0007756440281030444
HMR_4206	0.0
HMR_4207	0.0
HMR_4208	0.0
HMR_8744	0.0
HMR_8746	0.0
HMR_8748	0.0
HMR_8613	0.0003878220140515222
HMR_8615	0.0007756440281030444
HMR_8616	0.0007756440281030444
HMR_4064	0.0
HMR_4065	0.0
HMR_4066	0.0
HMR_4067	0.0
HMR_4068	0.0
HMR_4069	0.0
HMR_4070	0.0
HMR_4071	0.0
HMR_8102	0.0
HMR_8724	0.0
HMR_8725	0.0
HMR_2114	0.0
HMR_2115	0.0
HMR_2117	0.0
HMR_2118	0.0
HMR_2129	0.0003866978922716627
HMR_2130	-0.0003866978922716627
HMR_2131	0.0003866978922716627
HMR_2132	0.0003866978922716627
HMR_2133	0.0003866978922716627
HMR_2134	0.0003866978922716627
HMR_2135	0.0003866978922716627
HMR_2136	0.0003866978922716627
HMR_2137	0.0003866978922716627
HMR_2138	0.0
HMR_2139	0.0003866978922716627
HMR_2140	0.0
HMR_2142	0.0003866978922716627
HMR_2143	0.0003866978922716627
HMR_2144	0.0003866978922716627
HMR_2145	0.0003866978922716627
HMR_7996	0.0
HMR_7999	0.0
HMR_8003	0.0
HMR_8004	0.0
HMR_8005	0.0
HMR_8006	0.0
HMR_8008	0.0
HMR_8011	0.0
HMR_8012	0.0
HMR_8013	0.0
HMR_8014	0.0
HMR_6423	0.0
HMR_6426	0.0007756440281030444
HMR_6427	0.0
HMR_6428	0.0007756440281030444
HMR_6429	0.0
HMR_6432	0.0007756440281030444
HMR_6433	0.0007756440281030444
HMR_6434	0.0007756440281030444
HMR_6435	0.0007756440281030444
HMR_6436	0.0007756440281030444
HMR_6441	0.0007756440281030444
HMR_6442	0.0
HMR_6443	0.0007756440281030444
HMR_6444	0.0
HMR_6447	0.0007756440281030444
HMR_6448	0.0007756440281030444
HMR_6450	0.0007756440281030444
HMR_6451	0.0007756440281030444
HMR_6453	0.0007756440281030444
HMR_6456	0.0
HMR_6457	0.0
HMR_6458	0.0
HMR_6459	0.0
HMR_6460	0.0
HMR_6461	0.0
HMR_6464	0.0
HMR_6465	0.0
HMR_6466	0.0
HMR_6467	0.0
HMR_6470	0.0
HMR_6471	0.0
HMR_6472	0.0
HMR_6473	0.0
HMR_6476	0.0
HMR_6500	0.0
HMR_6477	0.0
HMR_6478	0.0
HMR_6479	0.0
HMR_6482	0.0
HMR_6484	0.0
HMR_6486	0.0
HMR_6488	0.0
HMR_6490	0.0007756440281030444
HMR_6492	0.0
HMR_6495	0.0
HMR_6496	0.0
HMR_6501	0.0
HMR_6992	0.0
HMR_6993	0.0
HMR_6994	0.0
HMR_6995	0.0
HMR_6996	0.0
HMR_6997	0.0
HMR_6998	0.0
HMR_6999	0.0
HMR_7000	0.0
HMR_7001	0.0
HMR_7002	0.0
HMR_7003	0.0
HMR_7004	0.0
HMR_7005	0.0
HMR_7006	0.0
HMR_7007	0.0
HMR_7008	0.0
HMR_7009	0.0
HMR_7010	0.0
HMR_7011	0.0
HMR_7012	0.0
HMR_7013	0.0
HMR_7014	0.0
HMR_7015	0.0
HMR_7016	0.0
HMR_7017	0.0
HMR_7018	0.0
HMR_7019	0.0
HMR_7020	0.0
HMR_7021	0.0
HMR_7022	0.0
HMR_7023	0.0
HMR_7024	0.0
HMR_7025	0.0
HMR_7026	0.0
HMR_7027	0.0
HMR_7028	0.0
HMR_7029	0.0
HMR_7030	0.0
HMR_7031	0.0
HMR_7032	0.0
HMR_7033	0.0
HMR_7034	0.0
HMR_7035	0.0
HMR_7036	0.0
HMR_7037	0.0
HMR_7038	0.0
HMR_7039	0.0
HMR_7040	0.0
HMR_7041	0.0
HMR_7042	0.0
HMR_7043	0.0
HMR_7044	0.0
HMR_7045	0.0
HMR_7046	0.0
HMR_7047	0.0
HMR_7048	0.0
HMR_7049	0.0
HMR_7050	0.0
HMR_7051	0.0
HMR_7052	0.0
HMR_7053	0.0
HMR_7054	0.0
HMR_7055	0.0
HMR_7056	0.0
HMR_7057	0.0
HMR_7058	0.0
HMR_7059	0.0
HMR_7060	0.0
HMR_7061	0.0
HMR_7062	0.0
HMR_7063	0.0
HMR_7064	0.0
HMR_7065	0.0
HMR_7066	0.0
HMR_7067	0.0
HMR_7068	0.0
HMR_7069	0.0
HMR_7070	0.0
HMR_7071	0.0
HMR_7072	0.0
HMR_7073	0.0
HMR_7074	0.0
HMR_7075	0.0
HMR_7076	0.0
HMR_7077	0.0
HMR_7078	0.0
HMR_7079	0.0
HMR_7080	0.0
HMR_7081	0.0
HMR_7082	0.0
HMR_7083	0.0
HMR_7084	0.0
HMR_7085	0.0
HMR_7086	0.0
HMR_7087	0.0
HMR_7088	0.0
HMR_7089	0.0
HMR_7090	0.0
HMR_7091	0.0
HMR_7092	0.0
HMR_7093	0.0
HMR_7094	0.0
HMR_7095	0.0
HMR_7096	0.0
HMR_7097	0.0
HMR_7098	0.0
HMR_7099	0.0
HMR_7100	0.0
HMR_7103	0.0
HMR_7104	0.0
HMR_7106	0.0
HMR_7688	0.0
HMR_8032	0.0
HMR_8034	0.0
HMR_8036	0.0
HMR_8037	0.0
HMR_8038	0.0
HMR_8040	0.0
HMR_8043	0.0
HMR_8046	0.0
HMR_8049	0.0
HMR_8052	0.0
HMR_8055	0.0
HMR_8059	0.0
HMR_8596	0.0
HMR_8598	0.0
HMR_8601	0.0
HMR_6535	0.0
HMR_6536	0.0
HMR_9569	0.0
HMR_3955	0.0
HMR_3984	0.0
HMR_4201	0.0
HMR_4202	0.0
HMR_5127	-0.07515967676843636
HMR_5128	0.0
HMR_5363	0.0
HMR_5406	0.0
HMR_5409	0.0
HMR_7794	0.0
HMR_8617	0.0007756440281030444
HMR_8749	0.0
HMR_8750	0.0
HMR_8751	0.0
HMR_8752	0.0
HMR_7741	0.0
HMR_9464	0.0
HMR_9465	0.0
HMR_9466	0.0
HMR_9467	0.0
HMR_9468	0.0
HMR_9469	0.0
HMR_9470	0.0
HMR_9471	0.0
HMR_9472	0.0
HMR_9473	0.0
HMR_9474	0.0
HMR_9475	0.0
HMR_9476	0.0
HMR_9477	0.0
HMR_9478	0.0
HMR_9479	0.0
HMR_9480	0.0
HMR_9481	0.0
HMR_9482	0.0
HMR_9483	0.0
HMR_9484	0.0
HMR_9485	0.0
HMR_9487	0.0
HMR_9488	0.0
HMR_9489	0.0
HMR_9490	0.0
HMR_9491	0.0
HMR_9492	0.0
HMR_9493	0.0
HMR_9494	0.0
HMR_9495	0.0
HMR_9496	0.0
HMR_9497	0.0
HMR_9498	0.0
HMR_9499	0.0
HMR_9500	0.0
HMR_9501	0.0
HMR_9502	0.0
HMR_9503	0.0
HMR_9504	0.0
HMR_9505	0.0
HMR_9506	0.0
HMR_9507	0.0
HMR_9508	0.0
HMR_9509	0.0
HMR_9510	0.0
HMR_9511	0.0
HMR_9512	0.0
HMR_9513	0.0
HMR_9514	0.0
HMR_9515	0.0
HMR_9516	0.0
HMR_9517	0.0
HMR_9518	0.0
HMR_9519	0.0
HMR_9520	0.0
HMR_9521	0.0
HMR_9522	0.0
HMR_9523	0.0
HMR_9524	0.0
HMR_9525	0.0
HMR_9527	0.0
HMR_9528	0.0
HMR_9529	0.0
HMR_9530	0.0
HMR_9531	0.0
HMR_9532	0.0
HMR_9534	0.0
HMR_9535	0.0
HMR_9536	0.0
HMR_9537	0.0
HMR_9538	0.0
HMR_9539	0.0
HMR_9540	0.0
HMR_9541	0.0
HMR_9542	0.0
HMR_9543	0.0
HMR_9544	0.0
HMR_9545	0.0
HMR_9546	0.0
HMR_9547	0.0
HMR_9548	0.0
HMR_9549	0.0
HMR_9550	0.0
HMR_9551	0.0
HMR_9552	0.0
HMR_9553	0.0
HMR_9801	0.0
HMR_9807	0.0
HMR_9554	0.0
HMR_9555	0.0
HMR_9556	0.0
HMR_9557	0.0
HMR_9558	0.0
HMR_9559	0.0
HMR_9560	0.0
HMR_9561	0.0
HMR_9562	0.0
HMR_9563	0.0
HMR_9564	0.0
HMR_9565	0.0
HMR_9566	0.0
HMR_9567	0.0
HMR_9568	0.0
HMR_9570	0.0
HMR_9571	0.0
HMR_9572	0.0
HMR_9573	0.0
HMR_9574	0.0
HMR_9575	0.0
HMR_9577	0.0
HMR_9578	0.0
HMR_9579	0.0
HMR_9580	0.0
HMR_9581	0.0
HMR_9582	0.0
HMR_9583	0.0
HMR_9584	0.0
HMR_9585	0.0
HMR_9586	0.0
HMR_9587	0.0
HMR_9588	0.0
HMR_9798	0.0
HMR_9806	0.0
HMR_0010	0.0
HMR_0011	0.0
HMR_0012	0.0
HMR_0013	0.0
HMR_0014	3.145809662933506e-05
HMR_0477	0.0
HMR_0545	0.0
HMR_0546	0.0
HMR_0547	0.0
HMR_0548	0.0
HMR_0549	0.0
HMR_0550	0.0
HMR_0551	0.0
HMR_0552	0.0
HMR_0553	0.0
HMR_0555	0.0
HMR_0556	0.0
HMR_0557	0.0
HMR_0558	0.0
HMR_0559	0.0
HMR_0560	0.0
HMR_0561	0.0
HMR_0685	0.0
HMR_0686	0.0
HMR_0687	0.0
HMR_0688	0.0
HMR_0689	0.0
HMR_0690	0.0
HMR_0691	0.0
HMR_0692	0.0
HMR_1185	0.0
HMR_1227	0.0
HMR_5233	0.0
HMR_5234	0.0
HMR_5238	0.0
HMR_5239	0.0
HMR_5243	0.0
HMR_5244	0.0
HMR_5247	0.0
HMR_5257	0.0
HMR_9022	0.0
HMR_0004	0.0
HMR_0006	0.0
HMR_0007	0.0
HMR_0008	0.0
HMR_0009	0.0
HMR_0015	0.0
HMR_0016	0.0
HMR_0017	0.0
HMR_0018	-0.4786622950819672
HMR_0019	0.0
HMR_0155	0.0
HMR_0164	0.0
HMR_0167	-66.2095403315839
HMR_0170	0.0
HMR_0173	-0.0007646754884459819
HMR_0176	0.0
HMR_0179	0.0
HMR_0183	0.0
HMR_0187	0.0
HMR_0190	0.0
HMR_0191	0.0
HMR_0194	0.0
HMR_0195	0.0
HMR_0198	0.0
HMR_0199	0.0
HMR_0202	0.0
HMR_0203	0.0
HMR_0207	0.0
HMR_0208	0.0
HMR_0211	0.0
HMR_0212	0.0
HMR_0215	0.0
HMR_0216	0.0
HMR_0224	0.0
HMR_0225	0.0
HMR_0231	0.0
HMR_0232	0.0
HMR_0235	0.0
HMR_0236	0.0
HMR_0239	0.0
HMR_0240	0.0
HMR_0243	0.0
HMR_0244	0.0
HMR_0247	0.0
HMR_0248	0.0
HMR_0253	0.0
HMR_0254	0.0
HMR_0257	0.0
HMR_0258	0.0
HMR_0261	0.0
HMR_0262	0.0
HMR_0265	0.0
HMR_0266	0.0
HMR_0269	0.0
HMR_0270	0.0
HMR_0273	0.0
HMR_0274	0.0
HMR_0277	0.0
HMR_0278	0.0
HMR_0281	0.0
HMR_0282	0.0
HMR_0287	0.0
HMR_0288	0.0
HMR_0291	0.0
HMR_0292	0.0
HMR_0295	0.0
HMR_0296	0.0
HMR_0299	0.0
HMR_0300	0.0
HMR_0303	0.0
HMR_0304	0.0
HMR_0307	0.0
HMR_0308	0.0
HMR_0311	0.0
HMR_0312	0.0
HMR_0317	0.0
HMR_0318	0.0
HMR_0321	0.0
HMR_0322	0.0
HMR_0325	0.0
HMR_0326	0.0
HMR_0329	0.0
HMR_0330	0.0
HMR_0335	0.0
HMR_0336	0.0
HMR_0339	0.0
HMR_0340	0.0
HMR_0343	0.0
HMR_0344	0.0
HMR_0347	0.0
HMR_0348	0.0
HMR_0351	0.0
HMR_0352	0.00029016393442622945
HMR_0355	0.0
HMR_0356	0.0
HMR_0359	0.0
HMR_0360	0.0
HMR_0363	0.0
HMR_0364	0.0
HMR_0367	0.0
HMR_0368	0.0
HMR_0371	0.0
HMR_0372	0.0
HMR_0375	0.0
HMR_0376	-1.5770213417970973e-18
HMR_0379	0.0
HMR_0380	0.0
HMR_0383	0.0
HMR_0384	0.0
HMR_0387	0.0
HMR_0388	0.0
HMR_0391	0.0
HMR_0392	0.0
HMR_0395	0.0
HMR_0396	0.0
HMR_0399	0.0
HMR_0400	0.0
HMR_0403	0.0
HMR_0404	0.0
HMR_0407	0.0
HMR_0408	0.0
HMR_0411	0.0
HMR_0412	0.0
HMR_0415	0.0
HMR_0416	0.0
HMR_0419	0.0
HMR_0420	0.0
HMR_0423	0.0
HMR_0424	0.0
HMR_0427	0.0
HMR_0428	0.0
HMR_0431	0.0
HMR_0432	0.0
HMR_0435	0.0
HMR_0436	0.0
HMR_0439	0.0
HMR_0440	0.0
HMR_0444	0.0
HMR_0469	0.0
HMR_0470	0.0
HMR_0476	0.0
HMR_0770	4.5727310826748635e-15
HMR_0782	0.0
HMR_1082	0.0
HMR_1086	0.0
HMR_1898	0.0
HMR_1899	0.0
HMR_1900	0.0
HMR_1901	0.0
HMR_1902	0.0
HMR_1903	0.0
HMR_1904	0.0
HMR_1905	0.0
HMR_1906	0.0
HMR_1907	0.0
HMR_1908	0.0
HMR_1909	0.0
HMR_1910	0.0
HMR_1911	0.0
HMR_1913	0.0
HMR_1914	0.0
HMR_1919	0.0
HMR_2013	0.0
HMR_3858	0.0
HMR_3916	0.0
HMR_3951	0.0
HMR_3959	-25.973759837803836
HMR_3964	0.0
HMR_4062	0.0
HMR_4063	-0.0007756440281030444
HMR_4249	0.0
HMR_4321	0.0
HMR_4432	0.0
HMR_4433	0.0
HMR_4434	0.0
HMR_4435	0.0
HMR_4436	0.0
HMR_4691	0.0
HMR_4721	0.0
HMR_4844	0.0
HMR_4845	0.0
HMR_4847	0.0
HMR_4848	0.0
HMR_4849	0.0
HMR_4858	0.0
HMR_4861	0.0
HMR_4873	0.0
HMR_4875	0.0
HMR_4882	0.0
HMR_4885	-752.7868977857745
HMR_4896	0.0
HMR_4910	0.0
HMR_4911	0.0
HMR_4912	0.0
HMR_4919	0.0
HMR_4928	0.0
HMR_4931	0.0
HMR_4932	0.0
HMR_4933	0.0
HMR_4934	0.0
HMR_4935	0.0
HMR_4938	0.0
HMR_4939	0.0
HMR_4946	0.0
HMR_4947	-1.1157394300263925
HMR_4948	0.0
HMR_4949	0.0
HMR_4952	0.0
HMR_4954	0.0
HMR_4956	0.0
HMR_4958	0.0
HMR_4969	-0.035328337236533995
HMR_4973	0.0
HMR_4975	0.0
HMR_4976	0.0
HMR_4980	0.0
HMR_4982	0.0
HMR_4983	0.0
HMR_4985	-0.657515206657015
HMR_4989	0.0
HMR_4990	-0.07515967676843636
HMR_4992	0.0
HMR_4993	0.0
HMR_4994	0.0
HMR_4995	0.0
HMR_4996	0.0
HMR_4999	0.0
HMR_5000	0.0
HMR_5002	0.0
HMR_5003	0.0
HMR_5005	0.0
HMR_5007	0.0
HMR_5008	0.0
HMR_5009	0.0
HMR_5010	0.0
HMR_5011	0.0
HMR_5013	0.0
HMR_5018	0.0
HMR_5020	0.0
HMR_5021	0.0
HMR_5023	0.0
HMR_5029	0.0
HMR_5032	0.0
HMR_5034	0.0
HMR_5035	0.0
HMR_5037	0.0
HMR_5038	0.0
HMR_5039	0.0
HMR_5040	0.0
HMR_5041	0.0
HMR_5042	0.0
HMR_5068	0.0
HMR_5070	0.0
HMR_5071	0.0
HMR_5073	0.0
HMR_5074	0.0
HMR_5076	0.0
HMR_5077	0.0
HMR_5078	0.0
HMR_5079	0.0
HMR_5080	0.0
HMR_5082	0.0
HMR_5084	0.0
HMR_5085	0.0
HMR_5087	0.0
HMR_5088	0.0
HMR_5089	0.0
HMR_5091	0.0
HMR_5092	0.0
HMR_5094	0.0
HMR_5129	0.0
HMR_5198	0.0
HMR_5200	0.0
HMR_5202	0.0
HMR_5206	0.0
HMR_5213	0.0
HMR_5215	0.0
HMR_5216	0.0
HMR_5219	0.0
HMR_5221	0.0
HMR_5231	0.0
HMR_5232	0.0
HMR_5236	0.0
HMR_5237	0.0
HMR_5240	0.0
HMR_5241	0.0
HMR_5246	0.0
HMR_5295	0.0
HMR_5296	0.0
HMR_5303	-843.9346604215456
HMR_5305	0.0
HMR_5307	8.241898829039812
HMR_5308	0.0
HMR_5310	0.0
HMR_5311	0.0
HMR_5313	0.0
HMR_5314	0.0
HMR_5315	0.0
HMR_5316	0.0
HMR_5317	0.0
HMR_5318	0.0
HMR_5319	0.0
HMR_5320	0.0
HMR_5322	0.0
HMR_5324	0.0
HMR_5326	0.0
HMR_5328	0.0
HMR_5330	10.445123596929387
HMR_5332	0.0
HMR_5333	0.0
HMR_5335	0.0
HMR_5413	0.0
HMR_5429	0.0
HMR_5430	654.309062685497
HMR_5432	0.0
HMR_5433	0.0
HMR_5435	0.0
HMR_5436	34.886311901592784
HMR_5437	0.0
HMR_5438	0.0
HMR_5439	0.0
HMR_5440	0.0
HMR_5441	0.0
HMR_5442	0.0
HMR_5443	0.0
HMR_5444	0.0
HMR_5445	0.0
HMR_5446	0.0
HMR_5447	0.0
HMR_5448	0.0
HMR_5450	0.0
HMR_5451	0.0
HMR_5454	0.0
HMR_5455	0.0
HMR_5457	0.0
HMR_5458	0.0
HMR_5459	0.0
HMR_5460	0.0
HMR_5461	0.0
HMR_5462	0.0
HMR_5463	3.8167840749414514
HMR_5464	0.0
HMR_5465	0.0
HMR_5466	3.8167840749414514
HMR_5467	0.0
HMR_5468	0.0
HMR_5469	6.608129274004683
HMR_5470	3.9439137751290914
HMR_5471	0.0
HMR_5472	2.4304908665105347
HMR_5473	0.0
HMR_5474	0.0
HMR_5475	0.0
HMR_5476	0.0
HMR_5477	0.0
HMR_5478	0.0
HMR_5479	0.0
HMR_5480	0.0
HMR_5481	0.0
HMR_5482	0.0
HMR_5483	0.0
HMR_5484	0.0
HMR_5485	0.0
HMR_5486	0.0
HMR_5487	0.0
HMR_5488	0.0
HMR_5489	0.0
HMR_5490	0.0
HMR_5491	0.0
HMR_5492	0.0
HMR_5493	0.0
HMR_5494	0.0
HMR_5495	0.0
HMR_5496	0.0
HMR_5497	0.0
HMR_5498	0.0
HMR_5499	0.0
HMR_5500	0.0
HMR_5501	0.0
HMR_5502	0.0
HMR_5503	0.0
HMR_5504	0.0
HMR_5505	0.0
HMR_5506	0.0
HMR_5507	0.0
HMR_5508	0.0
HMR_5509	0.0
HMR_5510	0.0
HMR_5511	0.0
HMR_5512	0.0
HMR_5513	0.0
HMR_5514	0.0
HMR_5515	0.0
HMR_5516	0.0
HMR_5517	0.0
HMR_5518	0.0
HMR_5519	0.0
HMR_5520	0.0
HMR_5521	0.0
HMR_5522	0.0
HMR_5523	0.0
HMR_5524	0.0
HMR_5525	0.0
HMR_5526	0.0
HMR_5527	0.0
HMR_5528	0.0
HMR_5529	0.0
HMR_5530	0.0
HMR_5531	0.0
HMR_5532	0.0
HMR_5533	0.0
HMR_5534	0.0
HMR_5535	0.0
HMR_5536	0.0
HMR_5537	0.0
HMR_5538	0.0
HMR_5539	0.0
HMR_5540	0.0
HMR_5541	0.0
HMR_5542	0.0
HMR_5543	0.0
HMR_5544	0.0
HMR_5545	0.0
HMR_5546	0.0
HMR_5547	0.0
HMR_5548	0.0
HMR_5549	0.0
HMR_5550	0.0
HMR_5551	0.0
HMR_5552	0.0
HMR_5553	0.0
HMR_5554	0.0
HMR_5555	0.0
HMR_5556	0.0
HMR_5557	0.0
HMR_5558	0.0
HMR_5559	0.0
HMR_5560	0.0
HMR_5561	0.0
HMR_5562	0.0
HMR_5563	0.0
HMR_5564	0.0
HMR_5565	0.0
HMR_5566	0.0
HMR_5567	0.0
HMR_5568	0.0
HMR_5569	0.0
HMR_5570	0.0
HMR_5571	0.0
HMR_5572	0.0
HMR_5573	0.0
HMR_5574	0.0
HMR_5575	0.0
HMR_5576	0.0
HMR_5577	0.0
HMR_5578	0.0
HMR_5579	0.0
HMR_5580	0.0007756440281030444
HMR_5581	0.0
HMR_5582	0.0
HMR_5583	0.0
HMR_5584	0.0
HMR_5585	0.0
HMR_5586	0.0
HMR_5587	0.0
HMR_5588	0.0
HMR_5589	0.0
HMR_5590	0.0
HMR_5591	0.0
HMR_5592	0.0
HMR_5593	0.0
HMR_5594	0.0
HMR_5595	0.0
HMR_5596	0.0
HMR_5597	0.0
HMR_5598	0.0
HMR_5599	0.0
HMR_5600	0.0
HMR_5601	0.0
HMR_5602	0.0
HMR_5603	0.0
HMR_5604	0.0
HMR_5605	0.0
HMR_5606	0.0
HMR_5607	0.0
HMR_5608	0.0
HMR_5609	0.0
HMR_5610	0.0
HMR_5611	0.0
HMR_5612	0.0
HMR_5613	0.0
HMR_5614	0.0
HMR_5615	0.0
HMR_5616	0.0
HMR_5617	0.0
HMR_5618	0.0
HMR_5619	0.0
HMR_5620	0.0
HMR_5621	0.0
HMR_5622	0.0
HMR_5623	0.0
HMR_5624	0.0
HMR_5625	0.0
HMR_5626	0.0
HMR_5627	0.0
HMR_5628	0.0
HMR_5629	0.0
HMR_5630	0.0
HMR_5631	0.0
HMR_5632	0.0
HMR_5633	0.0
HMR_5634	0.0
HMR_5635	0.0
HMR_5636	0.0
HMR_5637	0.0
HMR_5638	0.0
HMR_5639	0.0
HMR_5640	0.0
HMR_5641	0.0
HMR_5642	0.0
HMR_5643	0.0
HMR_5644	0.0
HMR_5645	0.0
HMR_5646	0.0
HMR_5647	0.0
HMR_5648	0.0
HMR_5649	0.0
HMR_5650	0.0
HMR_5651	0.0
HMR_5652	0.0
HMR_5653	0.0
HMR_5654	0.0
HMR_5655	0.0
HMR_5656	0.0
HMR_5657	0.0
HMR_5658	0.0
HMR_5659	0.0
HMR_5660	0.0
HMR_5661	0.0
HMR_5662	0.0
HMR_5663	0.0
HMR_5664	0.0
HMR_5665	0.0
HMR_5666	0.0
HMR_5667	0.0
HMR_5668	0.0
HMR_5669	0.0
HMR_5670	0.0
HMR_5671	0.0
HMR_5672	0.0
HMR_5673	0.0
HMR_5674	0.0
HMR_5675	0.0
HMR_5676	0.0
HMR_5677	0.0
HMR_5678	0.0
HMR_5679	0.0
HMR_5680	0.0
HMR_5681	0.0
HMR_5682	0.0
HMR_5683	0.0
HMR_5684	0.0
HMR_5685	0.0
HMR_5686	0.0
HMR_5687	0.0
HMR_5688	0.0
HMR_5689	0.0
HMR_5690	0.0
HMR_5691	0.0
HMR_5692	0.0
HMR_5693	0.0
HMR_5694	0.0
HMR_5695	0.0
HMR_5696	0.0
HMR_5697	0.0
HMR_5698	0.0
HMR_5699	0.0
HMR_5700	0.0
HMR_5701	0.0
HMR_5702	0.0
HMR_5703	0.0
HMR_5704	0.0
HMR_5705	0.0
HMR_5706	0.0
HMR_5707	0.0
HMR_5708	0.0
HMR_5709	0.0
HMR_5710	0.0
HMR_5711	0.0
HMR_5712	0.0
HMR_5713	0.0
HMR_5714	0.0
HMR_5715	0.0
HMR_5716	0.0
HMR_5717	0.0
HMR_5718	0.0
HMR_5719	0.0
HMR_5720	0.0
HMR_5721	0.0
HMR_5722	0.0
HMR_5723	0.0
HMR_5724	0.0
HMR_5725	0.0
HMR_5726	0.0
HMR_5727	0.0
HMR_5728	0.0
HMR_5729	0.0
HMR_5730	0.0
HMR_5731	0.0
HMR_5732	0.0
HMR_5733	0.0
HMR_5734	0.0
HMR_5735	0.0
HMR_5736	0.0
HMR_5737	0.0
HMR_5738	0.0
HMR_5739	0.0
HMR_5740	0.0
HMR_5741	0.0
HMR_5742	0.0
HMR_5743	0.0
HMR_5744	0.0
HMR_5745	0.0
HMR_5746	0.0
HMR_5747	0.0
HMR_5748	0.0
HMR_5749	0.0
HMR_5750	0.0
HMR_5751	0.0
HMR_5752	0.0
HMR_5753	0.0
HMR_5754	0.0
HMR_5755	0.0
HMR_5756	0.0
HMR_5757	0.0
HMR_5758	0.0
HMR_5759	0.0
HMR_5760	0.0
HMR_5761	0.0
HMR_5762	0.0
HMR_5763	0.0
HMR_5764	0.0
HMR_5765	0.0
HMR_5766	0.0
HMR_5767	0.0
HMR_5768	0.0
HMR_5769	0.0
HMR_5770	0.0
HMR_5771	0.0
HMR_5772	0.0
HMR_5773	0.0
HMR_5774	0.0
HMR_5775	0.0
HMR_5776	0.0
HMR_5777	0.0
HMR_5778	0.0
HMR_5779	0.0
HMR_5780	0.0
HMR_5781	0.0
HMR_5782	0.0
HMR_5783	0.0
HMR_5784	0.0
HMR_5785	0.0
HMR_5786	0.0
HMR_5787	0.0
HMR_5788	0.0
HMR_5789	0.0
HMR_5790	0.0
HMR_5791	0.0
HMR_5792	0.0
HMR_5793	0.0
HMR_5794	0.0
HMR_5795	0.0
HMR_5796	0.0
HMR_5797	0.0
HMR_5798	0.0
HMR_5799	0.0
HMR_5800	0.0
HMR_5801	0.0
HMR_5802	0.0
HMR_5803	0.0
HMR_5804	0.0
HMR_5805	0.0
HMR_5806	0.0
HMR_5807	0.0
HMR_5808	0.0
HMR_5809	0.0
HMR_5810	0.0
HMR_5811	0.0
HMR_5812	0.0
HMR_5813	0.0
HMR_5814	0.0
HMR_5815	0.0
HMR_5816	0.0
HMR_5817	0.0
HMR_5818	0.0
HMR_5819	0.0
HMR_5820	0.0
HMR_5821	0.0
HMR_5822	0.0
HMR_5823	0.0
HMR_5824	0.0
HMR_5825	0.0
HMR_5826	0.0
HMR_5827	0.0
HMR_5828	0.0
HMR_5829	0.0
HMR_5830	0.0
HMR_5831	0.0
HMR_5832	0.0
HMR_5833	0.0
HMR_5834	0.0
HMR_5835	0.0
HMR_5836	0.0
HMR_5837	0.0
HMR_5838	0.0
HMR_5839	0.0
HMR_5840	0.0
HMR_5841	0.0
HMR_5842	0.0
HMR_5843	0.0
HMR_5844	0.0
HMR_5845	0.0
HMR_5846	0.0
HMR_5847	0.0
HMR_5848	0.0
HMR_5849	0.0
HMR_5850	0.0
HMR_5851	0.0
HMR_5852	0.0
HMR_5853	0.0
HMR_5854	0.0
HMR_5855	0.0
HMR_5856	0.0
HMR_5857	0.0
HMR_5858	0.0
HMR_5859	0.0
HMR_5860	0.0
HMR_5861	0.0
HMR_5862	0.0
HMR_5863	0.0
HMR_5864	0.0
HMR_5865	0.0
HMR_5866	0.0
HMR_5867	0.0
HMR_5868	0.0
HMR_5869	0.0
HMR_5870	0.0
HMR_5871	0.0
HMR_5872	0.0
HMR_5873	0.0
HMR_5874	0.0
HMR_5875	0.0
HMR_5876	0.0
HMR_5877	0.0
HMR_5878	0.0
HMR_5879	0.0
HMR_5880	0.0
HMR_5881	0.0
HMR_5882	0.0
HMR_5883	0.0
HMR_5884	0.0
HMR_5885	0.0
HMR_5886	0.0
HMR_5887	0.0
HMR_5888	0.0
HMR_5889	0.0
HMR_5890	0.0
HMR_5891	0.0
HMR_5892	0.0
HMR_5893	0.0
HMR_5894	0.0
HMR_5895	0.0
HMR_5896	0.0
HMR_5897	0.0
HMR_5898	0.0
HMR_5899	0.0
HMR_5900	0.0
HMR_5901	0.0
HMR_5902	0.0
HMR_5903	0.0
HMR_5904	0.0
HMR_5905	0.0
HMR_5906	0.0
HMR_5907	0.0
HMR_5908	0.0
HMR_5909	0.0
HMR_5910	0.0
HMR_5911	0.0
HMR_5912	0.0
HMR_5913	0.0
HMR_5914	0.0
HMR_5915	0.0
HMR_5916	0.0
HMR_5917	0.0
HMR_5918	0.0
HMR_5919	0.0
HMR_5920	0.0
HMR_5921	0.0
HMR_5922	0.0
HMR_5923	0.0
HMR_5924	0.0
HMR_5925	0.0
HMR_5926	0.0
HMR_5927	0.0
HMR_5928	0.0
HMR_5929	0.0
HMR_5930	0.0
HMR_5931	0.0
HMR_5932	0.0
HMR_5933	0.0
HMR_5934	0.0
HMR_5935	0.0
HMR_5936	0.0
HMR_5937	0.0
HMR_5938	0.0
HMR_5939	0.0
HMR_5940	0.0
HMR_5941	0.0
HMR_5942	0.0
HMR_5943	0.0
HMR_5944	0.0
HMR_5945	0.0
HMR_5946	0.0
HMR_5947	0.0
HMR_5948	0.0
HMR_5949	0.0
HMR_5950	0.0
HMR_5951	0.0
HMR_5952	0.0
HMR_5953	0.0
HMR_5954	0.0
HMR_5955	0.0
HMR_5956	0.0
HMR_5957	0.0
HMR_5958	0.0
HMR_5959	0.0
HMR_5960	0.0
HMR_5961	0.0
HMR_5962	0.0
HMR_5963	0.0
HMR_5964	0.0
HMR_5965	0.0
HMR_5966	0.0
HMR_5967	0.0
HMR_5968	0.0
HMR_5969	0.0
HMR_5970	0.0
HMR_5971	0.0
HMR_5972	0.0
HMR_5973	0.0
HMR_5974	0.0
HMR_5975	0.0
HMR_5976	0.0
HMR_5977	0.0
HMR_5978	0.0
HMR_5979	0.0
HMR_5980	0.0
HMR_5981	0.0
HMR_5982	0.0
HMR_5983	0.0
HMR_5984	0.0
HMR_5985	0.0
HMR_5986	0.0
HMR_5987	2.220446049250313e-16
HMR_5989	0.0
HMR_5990	0.0
HMR_5992	0.0
HMR_5993	0.0
HMR_5994	0.0
HMR_5995	0.0
HMR_5996	0.0
HMR_5997	0.014857278295475018
HMR_5998	0.0
HMR_6000	0.0
HMR_6001	0.0
HMR_6002	0.0
HMR_6003	0.0
HMR_6004	0.0
HMR_6005	0.0
HMR_6006	0.0
HMR_6007	0.0
HMR_6008	0.0
HMR_6009	0.0
HMR_6010	0.0
HMR_6011	0.0
HMR_6012	0.0
HMR_6013	0.0
HMR_6014	0.0
HMR_6015	0.0
HMR_6016	0.0
HMR_6017	0.0
HMR_6018	0.0
HMR_6019	0.0
HMR_6020	0.0
HMR_6021	0.0
HMR_6022	0.0
HMR_6023	0.0
HMR_6024	0.0
HMR_6025	0.0
HMR_6026	0.0
HMR_6027	0.0
HMR_6028	0.0
HMR_6029	0.0
HMR_6030	0.0
HMR_6031	0.0
HMR_6032	0.0
HMR_6033	0.0
HMR_6034	0.0
HMR_6035	0.0
HMR_6036	0.0
HMR_6037	0.0
HMR_6038	0.0
HMR_6039	0.0
HMR_6040	0.0
HMR_6041	0.0
HMR_6042	0.0
HMR_6043	0.0
HMR_6044	0.0
HMR_6045	0.0
HMR_6046	0.0
HMR_6047	0.0
HMR_6048	0.0
HMR_6049	0.0
HMR_6050	0.0
HMR_6051	0.0007733957845433255
HMR_6052	0.0
HMR_6053	0.0
HMR_6054	0.0
HMR_6055	0.0
HMR_6056	0.0
HMR_6057	0.0
HMR_6058	0.0
HMR_6059	0.0
HMR_6060	-0.16376637002341923
HMR_6061	0.0
HMR_6062	0.0
HMR_6063	0.0
HMR_6064	0.0
HMR_6065	0.0
HMR_6066	0.0
HMR_6067	0.0
HMR_6068	0.0
HMR_6069	0.0
HMR_6070	0.0
HMR_6071	0.0
HMR_6072	0.0
HMR_6073	0.0
HMR_6074	0.0
HMR_6075	0.0
HMR_6076	0.0
HMR_6077	0.0
HMR_6078	0.0
HMR_6079	0.0
HMR_6080	0.0
HMR_6081	0.0
HMR_6082	0.0
HMR_6083	0.0
HMR_6084	0.0
HMR_6085	0.0
HMR_6086	0.0
HMR_6087	0.0
HMR_6088	0.0
HMR_6089	0.0
HMR_6090	0.0
HMR_6091	0.0
HMR_6092	0.0
HMR_6093	0.0
HMR_6094	0.0
HMR_6095	-0.00019334894613583136
HMR_6096	0.0
HMR_6097	0.0
HMR_6098	0.0
HMR_6099	0.0
HMR_6100	0.0
HMR_6101	0.0
HMR_6102	0.0
HMR_6103	0.0
HMR_6104	0.0
HMR_6105	0.0
HMR_6106	0.0
HMR_6107	0.0
HMR_6108	0.0
HMR_6109	0.0
HMR_6110	0.0
HMR_6111	0.0
HMR_6112	0.0
HMR_6113	0.0
HMR_6114	0.0
HMR_6115	0.0
HMR_6116	0.0
HMR_6117	0.0
HMR_6118	0.0
HMR_6119	0.0
HMR_6120	0.0
HMR_6121	0.0
HMR_6122	0.0
HMR_6123	0.0
HMR_6124	0.0
HMR_6125	0.0
HMR_6126	0.0
HMR_6127	0.0
HMR_6128	0.0
HMR_6129	0.0
HMR_6130	0.0
HMR_6131	0.0
HMR_6132	0.0
HMR_6133	0.0
HMR_6134	0.0
HMR_6135	0.0
HMR_6136	0.0
HMR_6137	0.0
HMR_6138	0.0
HMR_6139	0.0
HMR_6140	0.0
HMR_6141	0.0
HMR_6142	0.0
HMR_6143	0.0
HMR_6144	0.0
HMR_6145	0.0
HMR_6146	0.0
HMR_6147	0.0
HMR_6148	0.0
HMR_6149	0.0
HMR_6150	0.0
HMR_6151	0.0
HMR_6152	0.0
HMR_6153	0.0
HMR_6154	0.0
HMR_6155	0.0
HMR_6156	0.0
HMR_6157	0.0
HMR_6158	0.0
HMR_6159	0.0
HMR_6160	0.0
HMR_6161	0.0
HMR_6162	0.0
HMR_6163	0.0
HMR_6164	0.0
HMR_6165	0.0
HMR_6166	0.0
HMR_6167	0.0
HMR_6168	0.0
HMR_6169	0.0
HMR_6170	0.0
HMR_6171	0.0
HMR_6172	0.0
HMR_6173	0.0
HMR_6174	0.0
HMR_6175	0.0
HMR_6176	0.0
HMR_6177	0.0
HMR_6178	0.0
HMR_6179	0.0
HMR_6180	0.0
HMR_6181	0.0
HMR_6182	0.0
HMR_6183	0.0
HMR_6184	0.0
HMR_6185	0.0
HMR_6186	0.0
HMR_6187	0.0
HMR_6188	0.0
HMR_6189	0.0
HMR_6190	0.0
HMR_6191	0.0
HMR_6192	0.0
HMR_6193	0.0
HMR_6194	0.0
HMR_6195	0.0
HMR_6196	0.0
HMR_6197	0.0
HMR_6198	0.0
HMR_6199	0.0
HMR_6200	0.0
HMR_6201	0.0
HMR_6202	0.0
HMR_6203	0.0
HMR_6204	0.0
HMR_6205	0.0
HMR_6206	0.0
HMR_6207	0.0
HMR_6208	0.0
HMR_6209	0.0
HMR_6210	0.0
HMR_6211	0.0
HMR_6212	0.0
HMR_6213	0.0
HMR_6214	0.0
HMR_6215	0.0
HMR_6216	0.0
HMR_6217	0.0
HMR_6218	0.0
HMR_6219	0.0
HMR_6220	0.0
HMR_6221	0.0
HMR_6222	0.0
HMR_6223	0.0
HMR_6224	0.0
HMR_6225	0.0
HMR_6226	0.0
HMR_6227	0.0
HMR_6228	0.0
HMR_6229	0.0
HMR_6230	0.0
HMR_6231	0.0
HMR_6232	0.0
HMR_6233	0.0
HMR_6234	0.0
HMR_6235	0.0
HMR_6236	0.0
HMR_6237	0.0
HMR_6238	0.0
HMR_6239	0.0
HMR_6240	0.0
HMR_6241	0.0
HMR_6242	0.0
HMR_6243	0.0
HMR_6244	0.0
HMR_6245	0.0
HMR_6246	0.0
HMR_6247	0.0
HMR_6248	0.0
HMR_6249	0.0
HMR_6250	-0.00019334894613583136
HMR_6251	0.0
HMR_6252	0.0
HMR_6253	0.0
HMR_6254	0.0
HMR_6255	0.0
HMR_6256	0.0
HMR_6257	0.0
HMR_6258	0.0
HMR_6259	0.0
HMR_6260	0.0
HMR_6261	0.0
HMR_6262	0.0
HMR_6263	0.0
HMR_6264	0.0
HMR_6265	0.0
HMR_6266	0.0
HMR_6267	0.0
HMR_6268	0.0
HMR_6269	0.0
HMR_6270	0.0
HMR_6271	0.0
HMR_6272	0.0
HMR_6273	0.0
HMR_6274	0.0
HMR_6275	0.0
HMR_6351	0.0
HMR_6352	0.0
HMR_6353	0.0
HMR_6354	0.0
HMR_6355	0.0
HMR_6356	0.0
HMR_6357	0.0
HMR_6358	0.0
HMR_6359	0.10095269320843094
HMR_6360	0.09561547249989352
HMR_6361	0.5914167292241772
HMR_6362	0.0
HMR_6363	0.0
HMR_6364	0.0
HMR_6365	0.0
HMR_6366	0.0
HMR_6367	0.0
HMR_6368	0.0
HMR_6369	0.0
HMR_6370	0.0
HMR_6371	0.0
HMR_6372	0.0
HMR_6373	0.0
HMR_6374	0.0
HMR_6375	0.0
HMR_6377	0.0
HMR_6379	0.0
HMR_6380	5.184043091334894
HMR_6381	0.0009058548009367682
HMR_6382	3.7608702576112414
HMR_6383	0.0
HMR_6384	2.302516159250586
HMR_6392	0.0
HMR_6406	0.0
HMR_6424	-0.0007756440281030444
HMR_6439	0.0007756440281030444
HMR_6462	0.0
HMR_6474	0.0
HMR_6505	-0.0007756440281030444
HMR_6512	-0.0007756440281030392
HMR_6514	0.0
HMR_6516	0.0
HMR_6524	0.0
HMR_6525	0.0
HMR_6526	0.0
HMR_6527	0.0
HMR_6529	0.0
HMR_6530	0.0
HMR_6531	0.0
HMR_6532	0.0
HMR_6533	0.0
HMR_6534	0.0
HMR_6628	0.008133021077283373
HMR_6732	0.0
HMR_6733	0.0
HMR_6989	0.0
HMR_6991	0.0
HMR_7109	0.0
HMR_7111	0.0
HMR_7113	0.0
HMR_7115	0.0
HMR_7117	0.0
HMR_7119	0.0
HMR_7121	0.0
HMR_7123	0.0
HMR_7125	0.0
HMR_7127	0.0
HMR_7173	0.0
HMR_7184	0.0
HMR_7223	0.0
HMR_7253	0.0
HMR_7372	0.0
HMR_7453	0.0
HMR_7482	0.0
HMR_7499	0.0
HMR_7511	0.0
HMR_7523	0.0
HMR_7539	0.0
HMR_7555	0.0
HMR_7568	0.0
HMR_7569	0.0
HMR_7579	0.0
HMR_7583	0.0
HMR_7608	0.0
HMR_7609	0.0
HMR_7629	0.0
HMR_7630	0.0
HMR_7631	0.0
HMR_7632	0.0
HMR_7633	0.0
HMR_7634	0.0
HMR_7635	0.0
HMR_7636	0.0
HMR_7637	0.0
HMR_7639	0.0
HMR_7643	0.0
HMR_7644	0.0
HMR_7645	0.0
HMR_7650	0.0
HMR_7651	0.0
HMR_7660	0.0
HMR_7666	0.0
HMR_7667	0.0
HMR_7679	0.0
HMR_7680	0.0
HMR_7681	0.0
HMR_7682	0.0
HMR_7683	0.0
HMR_7684	0.0
HMR_7685	0.0
HMR_7686	0.0
HMR_7687	0.0
HMR_7690	0.0
HMR_7691	0.0
HMR_7692	0.0
HMR_7699	0.0
HMR_7700	0.0
HMR_7734	0.0
HMR_7735	-0.0007756440281030444
HMR_7736	0.0
HMR_7737	0.0
HMR_7738	0.0
HMR_7739	0.0
HMR_7774	0.0
HMR_7781	0.0
HMR_7787	0.0
HMR_7798	0.0
HMR_7896	0.0
HMR_7898	0.0
HMR_7900	0.0
HMR_7901	0.0
HMR_7902	0.0
HMR_7903	0.0
HMR_7904	0.0
HMR_7905	0.0
HMR_7906	0.0
HMR_7946	0.0
HMR_7951	0.0
HMR_7961	0.0
HMR_7964	0.0
HMR_7967	0.0
HMR_7975	0.0
HMR_7977	0.0
HMR_7979	0.0
HMR_7982	0.0
HMR_7986	0.0
HMR_7990	0.0
HMR_7994	0.0
HMR_7997	0.0
HMR_8002	0.0
HMR_8007	0.0
HMR_8010	-0.0011600936768149882
HMR_8015	0.0
HMR_8023	0.0
HMR_8031	0.0
HMR_8033	0.0
HMR_8035	0.0
HMR_8039	0.0
HMR_8041	0.0
HMR_8042	0.0
HMR_8044	0.0
HMR_8045	0.0
HMR_8047	0.0
HMR_8048	0.0
HMR_8050	0.0
HMR_8051	0.0
HMR_8053	0.0
HMR_8054	0.0
HMR_8056	0.0
HMR_8057	0.0
HMR_8061	0.0
HMR_8073	0.0
HMR_8075	0.0
HMR_8076	0.0
HMR_8077	0.0
HMR_8079	0.0
HMR_8080	0.0
HMR_8081	0.0
HMR_8090	0.0
HMR_8095	0.0
HMR_8100	0.0
HMR_8101	0.0
HMR_8103	0.0
HMR_8104	0.0
HMR_8154	0.0
HMR_8158	0.0
HMR_8161	0.0
HMR_8164	0.0
HMR_8214	0.0
HMR_8223	0.0
HMR_8225	0.0
HMR_8229	0.0
HMR_8231	0.0
HMR_8240	0.0
HMR_8247	0.0
HMR_8253	0.0
HMR_8266	0.0
HMR_8270	0.0
HMR_8273	0.0
HMR_8283	0.0
HMR_8290	0.0
HMR_8297	0.0
HMR_8300	0.0
HMR_8304	0.0
HMR_8311	0.0
HMR_8313	0.0
HMR_8315	0.0
HMR_8321	0.0
HMR_8324	0.0
HMR_8329	0.0
HMR_8336	0.0
HMR_8339	0.0
HMR_8340	0.0
HMR_8343	0.0
HMR_8354	0.0
HMR_8364	0.0
HMR_8374	-0.18133026352421233
HMR_8408	0.0
HMR_8420	0.0
HMR_8429	0.0
HMR_8515	0.0
HMR_8520	0.0
HMR_8536	0.0
HMR_8551	0.0
HMR_8567	0.0
HMR_8586	0.0
HMR_8593	0.0
HMR_8595	0.0
HMR_8597	0.0
HMR_8599	0.0
HMR_8600	0.0
HMR_8602	0.0
HMR_8612	0.0007756440281030444
HMR_8618	0.0
HMR_8629	0.0
HMR_8631	0.0
HMR_8632	0.0
HMR_8633	0.0
HMR_8635	0.0
HMR_8636	0.0
HMR_8656	0.0
HMR_8658	0.0
HMR_8659	0.0
HMR_8660	0.0
HMR_8670	0.0
HMR_8671	0.0
HMR_8676	0.0
HMR_8677	0.0
HMR_8678	0.0
HMR_8679	0.0
HMR_8686	0.0
HMR_8687	0.0009058548009367682
HMR_8696	0.0
HMR_8714	0.0
HMR_8718	0.0
HMR_8720	0.0
HMR_8721	0.0
HMR_8723	0.0
HMR_8730	0.0
HMR_8732	0.0
HMR_8733	0.0
HMR_8734	0.0
HMR_8735	0.0
HMR_8736	0.0
HMR_8760	0.0
HMR_8797	0.0
HMR_8798	0.0
HMR_8846	0.0
HMR_8847	0.0
HMR_8849	0.0
HMR_8850	0.0
HMR_8852	0.0
HMR_8853	0.0
HMR_8854	0.0
HMR_8861	0.0
HMR_8863	0.0
HMR_8864	0.0
HMR_8865	0.0
HMR_8866	0.0
HMR_8867	0.0
HMR_8869	0.0
HMR_8870	0.0
HMR_8872	0.0
HMR_8873	0.0
HMR_8876	0.0
HMR_8877	0.0
HMR_8878	0.0
HMR_8879	0.0
HMR_8881	0.0
HMR_8883	0.0
HMR_8884	0.0
HMR_8889	0.0
HMR_8892	0.0
HMR_8893	0.0
HMR_8896	0.0
HMR_8898	0.0
HMR_8899	0.0
HMR_8901	-0.05794284659258142
HMR_8903	0.0
HMR_8905	0.0
HMR_8907	0.0
HMR_8911	0.0
HMR_8912	0.0
HMR_8913	0.0
HMR_8917	0.0
HMR_8922	0.0
HMR_8923	0.0
HMR_8924	0.0
HMR_8925	0.0
HMR_8927	0.0
HMR_8929	0.0
HMR_8930	0.0
HMR_8931	0.0
HMR_8932	0.0
HMR_8933	0.0
HMR_8934	0.0
HMR_8935	0.0
HMR_8936	0.0
HMR_8937	0.0
HMR_8938	0.0
HMR_8939	0.0
HMR_8940	0.0
HMR_8941	0.0
HMR_8942	0.0
HMR_8943	0.0
HMR_8944	0.0
HMR_8945	0.0
HMR_8946	0.0
HMR_8947	0.0
HMR_9173	0.0
HMR_9175	0.0
HMR_9176	0.0
HMR_9178	0.0
HMR_9180	0.0
HMR_9182	0.0
HMR_9183	0.0
HMR_9184	0.0
HMR_9185	0.0
HMR_9187	0.0
HMR_9188	0.0
HMR_9189	0.0
HMR_9190	0.0
HMR_9191	0.0
HMR_9192	0.0
HMR_9193	0.0
HMR_9195	0.0
HMR_9196	0.0
HMR_9197	0.0
HMR_9198	0.0
HMR_9590	0.0
HMR_9591	0.0
HMR_9592	0.0
HMR_9593	0.0
HMR_9594	0.0
HMR_9595	0.0
HMR_9596	0.0
HMR_9597	0.0
HMR_9598	0.0
HMR_9599	0.0
HMR_9600	0.0
HMR_9601	0.0
HMR_9602	0.0
HMR_9603	0.0
HMR_9604	0.0
HMR_9605	0.0
HMR_9606	0.0
HMR_9607	0.0
HMR_9608	0.0007756440281030444
HMR_9609	0.0
HMR_9610	0.0
HMR_9611	0.0
HMR_9612	0.0
HMR_9613	0.0
HMR_9614	0.0
HMR_9615	0.0
HMR_9616	0.0
HMR_9617	0.0
HMR_9618	0.0
HMR_9619	0.0
HMR_9620	0.0
HMR_9621	0.0
HMR_9622	0.0
HMR_9623	0.0
HMR_9624	0.0
HMR_9635	0.0
HMR_9636	0.0
HMR_9637	0.0
HMR_9638	0.0
HMR_9639	0.0
HMR_9640	0.05794284659258142
HMR_9641	2.508107540983606
HMR_9642	0.0
HMR_9643	0.0
HMR_9644	0.0
HMR_9645	0.0
HMR_9646	0.0
HMR_9647	0.0
HMR_9648	0.0
HMR_9649	0.0
HMR_9650	0.0
HMR_9651	0.0
HMR_9652	0.0
HMR_9653	0.0
HMR_9654	0.0
HMR_9655	0.0
HMR_9656	0.0
HMR_9657	0.0
HMR_9658	0.0
HMR_9659	0.0
HMR_9660	0.0
HMR_9661	0.0
HMR_9662	0.0
HMR_9663	0.0
HMR_9720	0.0
HMR_9728	-7.610304449648712
HMR_9731	0.0
HMR_9737	0.0
HMR_8071	0.0
HMR_4312	0.0
HMR_8428	0.0
HMR_8430	0.0
HMR_8022	0.0
HMR_8070	0.0
HMR_9015	0.0
HMR_9019	0.0
HMR_9020	-5.163512846462215e-18
HMR_0157	0.0
HMR_0158	0.0015467915690866516
HMR_0166	0.0
HMR_0169	0.0
HMR_0172	0.0
HMR_0175	-0.0007646754884459819
HMR_0178	0.0
HMR_0182	0.0
HMR_0185	0.0
HMR_0446	0.0
HMR_0578	0.16991475409836065
HMR_0587	-0.08495737704918033
HMR_0962	0.0
HMR_1145	0.0
HMR_1173	0.0
HMR_1187	0.0
HMR_1215	0.0
HMR_1243	0.0
HMR_1267	0.0
HMR_1284	0.0
HMR_1572	2.168404344971009e-19
HMR_1602	0.0
HMR_1915	0.0
HMR_1925	0.0
HMR_1930	0.0
HMR_1936	0.0
HMR_1994	0.0
HMR_1997	0.0
HMR_2008	0.0
HMR_2012	0.0
HMR_2065	0.0
HMR_2080	0.0
HMR_2094	0.0
HMR_2105	0.0
HMR_2116	0.0
HMR_2127	0.0003866978922716627
HMR_2141	0.0003866978922716627
HMR_2590	0.0
HMR_3746	0.0
HMR_3762	0.0
HMR_3789	0.0
HMR_3818	0.0
HMR_3825	0.0
HMR_3863	0.0
HMR_3864	0.0
HMR_3921	0.0
HMR_3946	0.0
HMR_3949	0.0
HMR_3950	0.0
HMR_3952	0.0
HMR_3954	0.0
HMR_3971	0.0
HMR_4184	0.0
HMR_4205	0.0
HMR_4237	0.0
HMR_4266	0.0
HMR_4367	0.0
HMR_4684	0.0
HMR_4692	0.0
HMR_4720	0.0
HMR_4729	0.0
HMR_4738	0.0
HMR_4743	0.0
HMR_4754	0.0
HMR_4756	0.0
HMR_4760	0.0007756440281030444
HMR_4843	0.0
HMR_4850	0.0
HMR_4851	0.0
HMR_4852	0.0
HMR_4854	0.0
HMR_4855	0.0
HMR_4862	0.0
HMR_4863	0.0
HMR_4864	0.0
HMR_4865	0.0
HMR_4867	0.0
HMR_4868	0.0
HMR_4870	0.0
HMR_4871	0.0
HMR_4872	0.0
HMR_4874	-0.012533579862760196
HMR_4888	-0.046016090630680774
HMR_4898	0.027636408673293915
HMR_4905	0.0007756440281030119
HMR_4914	-0.16635762794582465
HMR_4922	0.0
HMR_4926	0.0
HMR_4940	0.0
HMR_4944	0.0
HMR_4951	0.0
HMR_4953	0.0
HMR_4959	0.0
HMR_4963	0.0
HMR_4964	0.0
HMR_4971	0.0
HMR_4972	0.0
HMR_4957	0.0159417849363751
HMR_4977	0.0
HMR_4979	0.0
HMR_4997	0.0
HMR_4998	0.0
HMR_5006	0.0
HMR_5014	0.0
HMR_5015	0.0
HMR_5016	0.0
HMR_5022	0.0
HMR_5031	0.0
HMR_5033	0.0
HMR_5036	0.0
HMR_5043	0.0
HMR_5046	0.0
HMR_5096	0.0
HMR_5099	0.0
HMR_5101	0.0
HMR_5102	0.0
HMR_5105	0.0
HMR_5107	0.0
HMR_5109	0.0
HMR_5112	0.0
HMR_5113	0.0
HMR_5114	0.0
HMR_5115	0.0
HMR_5116	0.0
HMR_5117	0.0
HMR_5118	0.0
HMR_5121	0.0
HMR_5122	0.012533579862760196
HMR_5124	0.0
HMR_5125	0.0
HMR_5126	0.0
HMR_5222	0.0
HMR_5223	0.0
HMR_5225	0.0
HMR_5227	0.0
HMR_5292	0.0
HMR_5304	0.0
HMR_5348	0.0
HMR_5349	0.0
HMR_5361	-0.0009807410622164738
HMR_5411	0.0
HMR_5420	0.0
HMR_5426	0.0
HMR_6276	0.0
HMR_6277	0.0
HMR_6286	0.0
HMR_6287	0.0
HMR_6288	0.0
HMR_6289	0.0
HMR_6290	0.0
HMR_6291	0.0
HMR_6292	0.0
HMR_6293	0.0
HMR_6294	0.0
HMR_6295	0.0
HMR_6296	0.0
HMR_6297	0.0
HMR_6298	0.0
HMR_6299	0.0
HMR_6300	0.0
HMR_6301	0.0
HMR_6302	0.0
HMR_6303	0.0
HMR_6304	0.0
HMR_6305	0.0
HMR_6306	0.0
HMR_6307	0.0
HMR_6308	0.0
HMR_6309	0.0
HMR_6310	0.0
HMR_6311	0.0
HMR_6312	0.0
HMR_6313	0.0
HMR_6314	0.0
HMR_6315	0.0
HMR_6316	0.0
HMR_6317	0.0
HMR_6318	0.0
HMR_6321	0.0
HMR_6323	0.0
HMR_6324	0.0
HMR_6325	0.0
HMR_6326	0.0
HMR_6327	0.0
HMR_6328	0.0
HMR_6330	0.0
HMR_6331	0.0
HMR_6332	0.0
HMR_6333	0.0
HMR_6334	0.0
HMR_6335	0.0
HMR_6336	0.0
HMR_6337	0.0
HMR_6338	0.0
HMR_6339	0.0
HMR_6340	0.0
HMR_6341	0.0
HMR_6342	0.0
HMR_6343	0.0
HMR_6389	0.0
HMR_6391	0.0
HMR_6408	0.0
HMR_6431	0.0007756440281030444
HMR_6438	-0.0007756440281030444
HMR_6446	0.0007756440281030444
HMR_6454	0.0007756440281030444
HMR_6455	0.0
HMR_6469	0.0
HMR_6481	0.0
HMR_6513	0.0
HMR_6517	0.0
HMR_6521	0.0
HMR_6522	0.0
HMR_6618	0.0
HMR_6620	0.0
HMR_6781	0.0
HMR_6890	0.0
HMR_6902	0.0
HMR_7638	0.026455359394703615
HMR_7708	0.0
HMR_7719	0.0
HMR_7723	0.0
HMR_7757	0.0
HMR_7758	0.0
HMR_7760	0.0
HMR_7769	0.0
HMR_7804	0.0
HMR_7806	0.0
HMR_7808	0.0
HMR_7810	0.0
HMR_7812	0.0
HMR_7814	0.0
HMR_7815	0.0
HMR_7816	0.0
HMR_7818	0.0
HMR_7820	0.0
HMR_7822	0.0
HMR_7824	0.0
HMR_7825	0.0
HMR_7826	0.0
HMR_7827	0.0
HMR_7828	0.0
HMR_7829	0.0
HMR_7830	0.0
HMR_7831	0.0
HMR_7832	0.0
HMR_7833	0.0
HMR_7834	0.0
HMR_7835	0.0
HMR_7836	0.0
HMR_7837	0.0
HMR_7838	0.0
HMR_7839	0.0
HMR_7840	0.0
HMR_7841	0.0
HMR_7842	0.0
HMR_7843	0.0
HMR_7844	0.0
HMR_7845	0.0
HMR_7846	0.0
HMR_7847	0.0
HMR_7848	0.0
HMR_7849	0.0
HMR_7850	0.0
HMR_7851	0.0
HMR_7852	0.0
HMR_7853	0.0
HMR_7854	0.0
HMR_7897	0.0
HMR_7899	0.0
HMR_7914	0.0
HMR_7917	0.0
HMR_7923	0.0
HMR_7995	0.0
HMR_7998	0.0
HMR_8000	0.0
HMR_8001	0.0
HMR_8009	0.0003866978922716627
HMR_8089	0.0
HMR_8093	0.0
HMR_8099	0.0
HMR_8120	0.0
HMR_8122	0.0
HMR_8124	0.0
HMR_8126	0.0
HMR_8128	0.0
HMR_8356	0.0
HMR_8365	0.0
HMR_8411	0.0
HMR_8438	0.0
HMR_8475	0.0
HMR_8505	0.0
HMR_8510	0.0
HMR_8513	0.0
HMR_8528	0.0
HMR_8532	0.0
HMR_8562	0.0
HMR_8614	0.0007756440281030444
HMR_8627	0.0
HMR_8655	0.0
HMR_8657	0.0
HMR_8680	0.0
HMR_8731	0.0
HMR_8741	0.0
HMR_8742	0.0
HMR_8745	0.0
HMR_8747	0.0
HMR_8776	0.0
HMR_8785	0.0
HMR_8848	0.0
HMR_8890	0.0
HMR_8891	0.08495737704918033
HMR_8910	0.0
HMR_9174	0.0
HMR_9194	0.0
HMR_9675	0.0
HMR_9676	0.0
HMR_9677	0.0
HMR_9014	0.0
HMR_0707	0.0
HMR_0713	0.0
HMR_1104	0.0
HMR_1135	0.0
HMR_1144	0.0
HMR_1172	0.0
HMR_1188	0.0
HMR_1214	0.0
HMR_1242	0.0
HMR_1268	0.0
HMR_1283	0.0
HMR_1286	0.0
HMR_1443	2.168404344971009e-19
HMR_2067	0.0
HMR_2082	0.0
HMR_2093	0.0
HMR_2104	0.0
HMR_2407	0.0
HMR_2509	0.0
HMR_2547	0.0
HMR_2575	0.0
HMR_3007	0.0
HMR_3008	0.0
HMR_3011	0.0
HMR_3013	0.0
HMR_3014	0.0
HMR_3017	0.0
HMR_3018	0.0
HMR_3019	0.0
HMR_3020	0.0
HMR_3021	0.0
HMR_3022	0.0
HMR_3023	0.0
HMR_3024	0.0
HMR_3025	1.807003620809174e-20
HMR_3026	0.0
HMR_3473	0.0
HMR_3848	0.0
HMR_3850	0.0
HMR_3867	0.0
HMR_3947	-1.581128168208027e-19
HMR_3948	0.0
HMR_4393	0.0
HMR_4468	0.0
HMR_4469	0.0
HMR_4647	0.0
HMR_4790	0.0
HMR_4890	0.0
HMR_4900	7.995991022080594e-19
HMR_4908	0.0
HMR_4915	3.3429566984969717e-19
HMR_4924	0.0
HMR_4930	0.0
HMR_4945	0.0
HMR_4986	0.0
HMR_5344	0.0
HMR_5346	0.0
HMR_5362	0.0
HMR_5414	0.0
HMR_5452	0.0
HMR_5453	0.0
HMR_6928	0.0
HMR_6937	0.0
HMR_6986	0.0
HMR_6987	0.0
HMR_7590	0.0
HMR_7596	0.0
HMR_7640	0.0
HMR_7646	0.0
HMR_7705	0.0
HMR_7707	0.0
HMR_7771	0.0
HMR_7775	2.7538735181131813e-17
HMR_7777	0.0
HMR_7779	0.0
HMR_7782	0.0
HMR_7783	0.0
HMR_7785	0.0
HMR_7788	0.0
HMR_7790	0.0
HMR_7797	0.0
HMR_8016	0.0
HMR_8020	0.0
HMR_8359	0.0
HMR_8414	0.0
HMR_8754	0.0
HMR_8756	0.0
HMR_8860	0.0
HMR_8926	0.0
HMR_9179	0.0
HMR_9181	0.0
HMR_9678	0.0
HMR_9679	0.0
HMR_9680	0.0
HMR_9017	0.0
HMR_0984	0.0
HMR_1089	0.0
HMR_1090	0.0
HMR_1094	0.0
HMR_1095	0.0
HMR_2564	0.0
HMR_2585	0.0
HMR_4274	0.0
HMR_4275	0.0
HMR_4277	0.0
HMR_4535	0.0
HMR_4538	0.0
HMR_4893	0.0
HMR_4904	0.0
HMR_4916	0.0
HMR_5422	0.0
HMR_5423	0.0
HMR_5424	0.0
HMR_6617	0.0
HMR_6619	0.0
HMR_7653	0.0
HMR_7664	0.0
HMR_7665	0.0
HMR_7712	0.0
HMR_7763	0.0
HMR_7764	0.0
HMR_7765	0.0
HMR_7767	0.0
HMR_7773	0.0
HMR_7786	0.0
HMR_7792	0.0
HMR_7795	0.0
HMR_7796	0.0
HMR_7855	0.0
HMR_7856	0.0
HMR_7857	0.0
HMR_7858	0.0
HMR_7859	0.0
HMR_7860	0.0
HMR_7861	0.0
HMR_7862	0.0
HMR_7877	0.0
HMR_8024	0.0
HMR_8028	0.0
HMR_8082	0.0
HMR_8361	0.0
HMR_8363	0.0
HMR_8412	0.0
HMR_8447	0.0
HMR_8476	0.0
HMR_8639	0.5002341920374708
HMR_8789	0.0
HMR_8828	0.0
HMR_8837	0.0
HMR_8838	0.0
HMR_8839	0.0
HMR_8840	0.0
HMR_8841	0.0
HMR_8842	0.0
HMR_8843	0.0
HMR_8844	0.0
HMR_8845	0.0
HMR_8862	0.0
HMR_8868	0.0
HMR_8871	0.0
HMR_8894	0.0
HMR_8909	0.0
HMR_8918	0.0
HMR_9673	0.0
HMR_9674	0.0
HMR_8638	0.0
HMR_8642	0.0
HMR_4314	0.0
HMR_9016	0.0
HMR_9018	0.0
HMR_0769	0.0
HMR_0791	0.0
HMR_0796	0.0
HMR_0798	0.0
HMR_0802	0.0
HMR_0831	0.0
HMR_0913	0.0
HMR_0929	0.0
HMR_1917	0.0
HMR_2040	0.0
HMR_2087	0.0
HMR_2090	0.0
HMR_2101	0.0
HMR_3987	0.0
HMR_4887	0.0
HMR_4903	0.0
HMR_4907	0.0
HMR_4962	0.0
HMR_5047	0.0
HMR_5048	0.0
HMR_5049	0.0
HMR_5050	0.0
HMR_5051	0.0
HMR_5052	0.0
HMR_5053	0.0
HMR_5054	0.0
HMR_5055	0.0
HMR_5056	0.0
HMR_5057	0.0
HMR_5058	-6.661338147750939e-16
HMR_5059	0.0
HMR_5060	3.552713678800501e-15
HMR_5061	0.0
HMR_5062	0.0
HMR_5063	0.0
HMR_5064	0.0
HMR_5065	2.6645352591003757e-15
HMR_5066	0.0
HMR_5067	1.1934897514720433e-15
HMR_5197	0.0
HMR_5199	0.0
HMR_5201	0.0
HMR_5204	0.0
HMR_5212	0.0
HMR_5214	0.0
HMR_5217	0.0
HMR_5218	0.0
HMR_5220	0.0
HMR_5224	0.0
HMR_5226	0.0
HMR_5228	0.0
HMR_5230	0.0
HMR_7196	0.0
HMR_7199	0.0
HMR_7224	0.0
HMR_7252	0.0
HMR_7283	0.0
HMR_7374	0.0
HMR_7430	0.0
HMR_7454	0.0
HMR_7470	0.0
HMR_7483	0.0
HMR_7500	0.0
HMR_7512	0.0
HMR_7524	0.0
HMR_7540	0.0
HMR_7556	0.0
HMR_7570	0.0
HMR_7581	0.0
HMR_7584	0.0
HMR_7710	0.0
HMR_7711	0.0
HMR_7714	0.0
HMR_7715	0.0
HMR_7718	0.0
HMR_7720	0.0
HMR_7722	0.0
HMR_7724	0.0
HMR_7726	0.0
HMR_7727	0.0
HMR_7729	0.0
HMR_7730	0.0
HMR_7732	0.0
HMR_7762	0.0
HMR_7770	0.0
HMR_7799	0.0
HMR_7907	0.0
HMR_7915	0.0
HMR_7918	0.0
HMR_7924	0.0
HMR_7927	0.0
HMR_8118	0.0
HMR_8119	0.0
HMR_8121	0.0
HMR_8123	0.0
HMR_8125	0.0
HMR_8127	0.0
HMR_8131	0.0
HMR_8134	0.0
HMR_8196	0.0
HMR_8200	0.0
HMR_8202	0.0
HMR_8203	0.0
HMR_8208	0.0
HMR_8216	0.0
HMR_8244	0.0
HMR_8355	0.0
HMR_8370	0.0
HMR_8490	0.0
HMR_8491	0.0
HMR_8492	0.0
HMR_8531	0.0
HMR_8588	0.0
HMR_8590	0.0
HMR_8688	0.0
HMR_8753	0.0
HMR_8763	0.0
HMR_8765	0.0
HMR_8858	0.0
HMR_8875	0.0
HMR_8885	0.0
HMR_8887	0.0
HMR_8908	0.0
HMR_8928	0.0
HMR_9672	0.0
HMR_0612	0.0
HMR_3597	0.0
HMR_4961	0.0
HMR_5045	0.0
HMR_5248	0.0
HMR_5249	0.0
HMR_5250	0.0
HMR_5251	0.0
HMR_5252	0.0
HMR_5253	0.0
HMR_5255	0.0
HMR_7198	0.0
HMR_7284	0.0
HMR_9738	0.0
HMR_9739	0.0
HMR_9740	0.0
HMR_9741	0.0
HMR_9742	0.0
HMR_9743	0.0
HMR_9744	0.0
HMR_9745	0.0
HMR_9746	0.0
HMR_9747	0.0
HMR_9748	0.0
HMR_9749	0.0
HMR_9750	0.0
HMR_9751	0.0
HMR_9752	0.0
HMR_9753	0.0
HMR_9754	0.0
HMR_9755	0.0
HMR_9756	0.0
HMR_9757	0.0
HMR_9758	0.0
HMR_9759	0.0
HMR_9760	0.0
HMR_9761	0.0
HMR_9762	0.0
HMR_9763	0.0
HMR_9764	0.0
HMR_9765	0.0
HMR_9766	0.0
HMR_9767	0.0
HMR_9768	0.0
HMR_9769	0.0
HMR_9770	0.0
HMR_9771	0.0
HMR_9772	0.0
HMR_9773	0.0
HMR_9774	0.0
HMR_9775	0.0
HMR_9776	0.0
HMR_9777	0.0
HMR_9778	0.0
HMR_9779	0.0
HMR_9780	0.0
HMR_9781	0.0
HMR_9782	0.0
HMR_9783	0.0
HMR_9784	0.0
HMR_9785	0.0
HMR_9786	0.0
HMR_9787	0.0
HMR_9788	0.0
HMR_9789	0.0
HMR_9790	0.0
HMR_9791	0.0
HMR_9792	0.0
HMR_9793	0.0
HMR_9794	0.0
HMR_9795	0.0
HMR_9796	0.0
HMR_0652	0.0
HMR_0717	0.0
HMR_0731	0.0
HMR_0732	0.0
HMR_0734	0.0
HMR_0917	0.0
HMR_0918	0.0
HMR_1916	0.0
HMR_4125	0.0
HMR_4892	0.0
HMR_4902	0.0
HMR_4955	0.0
HMR_6577	0.0
HMR_6578	0.0
HMR_7201	0.0
HMR_7204	0.0
HMR_7331	0.0
HMR_7431	0.0
HMR_7433	0.0
HMR_7434	0.0
HMR_7435	0.0
HMR_7437	0.0
HMR_7675	0.0
HMR_7693	0.0
HMR_7694	0.0
HMR_7695	0.0
HMR_7733	0.0
HMR_7740	0.0
HMR_7743	0.0
HMR_7759	0.0
HMR_7761	0.0
HMR_7793	0.0
HMR_8084	0.0
HMR_8086	0.0
HMR_8145	0.0
HMR_8146	0.0
HMR_8153	0.0
HMR_8157	0.0
HMR_8160	0.0
HMR_8163	0.0
HMR_8193	0.0
HMR_8195	0.0
HMR_8199	0.0
HMR_8205	0.0
HMR_8207	0.0
HMR_8213	0.0
HMR_8215	0.0
HMR_8222	0.0
HMR_8230	0.0
HMR_8232	0.0
HMR_8241	0.0
HMR_8243	0.0
HMR_8252	0.0
HMR_8259	0.0
HMR_8265	0.0
HMR_8269	0.0
HMR_8272	0.0
HMR_8282	0.0
HMR_8289	0.0
HMR_8296	0.0
HMR_8299	0.0
HMR_8303	0.0
HMR_8310	0.0
HMR_8312	0.0
HMR_8314	0.0
HMR_8320	0.0
HMR_8323	0.0
HMR_8328	0.0
HMR_8335	0.0
HMR_8338	0.0
HMR_8496	0.0
HMR_8524	0.0
HMR_8527	0.0
HMR_8661	0.0
HMR_8673	0.0
HMR_8793	0.0
HMR_8834	0.0
HMR_8856	0.0
HMR_8857	0.0
HMR_8874	0.0
HMR_8880	0.0
HMR_8882	0.0
HMR_8895	0.0
HMR_8897	0.0
HMR_8900	0.0
HMR_8902	0.0
HMR_8904	0.0
HMR_8920	0.0
HMR_9199	0.0
HMR_9664	0.0
HMR_9665	0.0
HMR_9666	0.0
HMR_9667	0.0
HMR_9668	0.0
HMR_9669	0.0
HMR_9670	0.0
HMR_9671	0.0
HMR_7182	0.0
HMR_7330	0.0
HMR_7432	0.0
HMR_4313	0.0
HMR_7307	0.0
HMR_1809	0.0
HMR_0020	0.0
HMR_0461	0.0
HMR_0462	0.0
HMR_0464	0.0
HMR_0466	0.0
HMR_0467	0.0
HMR_0664	0.0
HMR_0730	0.0
HMR_0768	0.0
HMR_0771	0.0
HMR_0966	0.0
HMR_1035	0.0
HMR_1143	0.0
HMR_1189	0.0
HMR_1240	0.0
HMR_1252	0.0
HMR_1269	0.0
HMR_1306	0.0
HMR_1309	0.0
HMR_1311	0.0
HMR_1316	0.0
HMR_1331	0.0
HMR_1392	0.0
HMR_1530	0.0
HMR_1672	0.0
HMR_1937	0.0
HMR_1998	0.0
HMR_2039	0.0
HMR_2066	0.0
HMR_2081	0.0
HMR_2092	0.0
HMR_2103	0.0
HMR_2554	0.0
HMR_2569	0.0
HMR_2777	0.0
HMR_3953	0.0
HMR_4123	0.0
HMR_4126	0.0
HMR_4765	-0.00019334894613583136
HMR_4846	0.0
HMR_4856	0.0
HMR_4860	0.0
HMR_4876	0.0
HMR_4877	0.0
HMR_4878	0.0
HMR_4879	0.0
HMR_4880	0.0
HMR_4881	0.0
HMR_4883	-0.0034814051522248242
HMR_4894	0.004255925058548009
HMR_4906	0.0
HMR_4913	0.0
HMR_4917	0.0
HMR_4941	0.0
HMR_4942	0.0
HMR_4960	0.0
HMR_5004	0.0
HMR_5012	0.0
HMR_5027	0.0
HMR_5203	0.0
HMR_5205	0.0
HMR_5207	0.0
HMR_5209	0.0
HMR_5210	0.0
HMR_5211	0.0
HMR_5245	0.0
HMR_5342	0.0
HMR_5347	0.0
HMR_5354	0.0
HMR_6385	0.0
HMR_6386	0.0
HMR_6387	0.0
HMR_6388	0.0
HMR_6425	0.0
HMR_6430	0.0
HMR_6440	0.0
HMR_6445	0.0
HMR_6463	0.0
HMR_6468	0.0
HMR_6475	0.0
HMR_6480	0.0
HMR_6629	0.0030947072599531614
HMR_6797	0.0
HMR_6990	0.0
HMR_7257	0.0
HMR_7262	0.0
HMR_7272	0.0
HMR_7273	0.0
HMR_7649	0.0
HMR_7766	0.0
HMR_7768	0.0
HMR_7772	0.0
HMR_7776	2.168404344971009e-19
HMR_7778	0.0
HMR_7780	0.0
HMR_7784	0.0
HMR_7789	0.0
HMR_7791	0.0
HMR_7929	0.0
HMR_7933	0.0
HMR_7944	0.0
HMR_7947	0.0
HMR_7949	0.0
HMR_7953	0.0
HMR_7956	0.0
HMR_7960	0.0
HMR_7963	0.0
HMR_7966	0.0
HMR_7969	0.0
HMR_7981	0.0
HMR_7983	0.0
HMR_7985	0.0
HMR_7988	0.0
HMR_7989	0.0
HMR_8030	0.0
HMR_8058	0.0
HMR_8060	0.0
HMR_8234	0.0
HMR_8236	0.0
HMR_8239	0.0
HMR_8347	0.0
HMR_8350	0.0
HMR_8351	0.0
HMR_8358	0.0
HMR_8369	0.0
HMR_8382	0.0
HMR_8526	0.0
HMR_8553	0.0
HMR_8594	0.0
HMR_8651	0.0
HMR_8681	0.0
HMR_8715	0.0
HMR_8716	0.00038782201405152206
HMR_8719	0.0
HMR_8722	0.0
HMR_8737	0.0
HMR_8851	0.0
HMR_8855	0.0
HMR_8859	0.0
HMR_8886	0.0
HMR_8888	0.0
HMR_8906	0.0
HMR_8914	0.0
HMR_8915	0.0
HMR_8919	0.0
HMR_8921	0.0
HMR_9177	0.0
HMR_9200	0.0
HMR_9625	0.0
HMR_9626	0.0
HMR_9627	0.0
HMR_9628	0.0
HMR_9629	0.0
HMR_9630	0.0
HMR_9631	0.0
HMR_9632	0.0
HMR_9633	0.0
HMR_9634	0.0
HMR_9716	0.0
HMR_9724	0.0
HMR_9732	0.0
HMR_7108	0.0
HMR_7110	0.0
HMR_7112	0.0
HMR_7114	0.0
HMR_7116	0.0
HMR_7118	0.0
HMR_7120	0.0
HMR_7122	0.0
HMR_7124	0.0
HMR_7126	0.0
HMR_9023	0.0
HMR_9024	0.0
HMR_9032	0.0
HMR_9808	0.0
HMR_9809	0.0015467915690866516
HMR_9810	0.0
HMR_9811	66.2095403315839
HMR_9812	0.0
HMR_9813	0.0007646754884459819
HMR_9814	0.0
HMR_9815	0.0
HMR_9816	0.0
HMR_9033	0.0
HMR_9034	0.0
HMR_9035	0.0
HMR_9036	0.0
HMR_9037	0.0
HMR_9038	-2.3017405152224826
HMR_9039	-2.4304908665105347
HMR_9040	0.0
HMR_9041	0.0
HMR_9042	0.0
HMR_9043	0.0
HMR_9044	-3.9439137751290914
HMR_9045	0.0
HMR_9046	-6.608129274004683
HMR_9047	0.0
HMR_9048	0.0
HMR_9049	0.0
HMR_9050	0.0
HMR_9051	-3.145809662933506e-05
HMR_9052	0.0
HMR_9053	0.0
HMR_9054	0.0
HMR_9055	3.145809662933506e-05
HMR_9056	0.0
HMR_9058	0.0
HMR_9061	-8.241898829039812
HMR_9062	-3.7608702576112414
HMR_9063	-5.184043091334894
HMR_9064	0.0
HMR_9065	0.0
HMR_9066	0.0
HMR_9067	20.616102065527212
HMR_9068	0.0
HMR_9069	0.0
HMR_9070	0.0
HMR_9071	0.0
HMR_9072	66.41498045546643
HMR_9073	0.0
HMR_9074	0.0
HMR_9075	0.0
HMR_9076	0.0
HMR_9077	0.0
HMR_9078	0.009125374789145282
HMR_9079	141.03225119903618
HMR_9080	0.0
HMR_9081	0.0
HMR_9082	0.0
HMR_9083	0.0
HMR_9084	0.0
HMR_9085	0.0
HMR_9086	0.0
HMR_9087	0.0
HMR_9088	0.0
HMR_9089	0.0
HMR_9090	0.0
HMR_9091	0.0
HMR_9092	0.0
HMR_9093	0.0
HMR_9094	0.0
HMR_9095	0.0
HMR_9096	0.0
HMR_9097	0.0
HMR_9098	0.0
HMR_9099	0.0
HMR_9100	0.0
HMR_9101	0.0
HMR_9102	0.0
HMR_9103	-0.07515967676843636
HMR_9104	0.0
HMR_9105	0.0
HMR_9106	0.0
HMR_9107	-0.0007756440281030444
HMR_9108	-259.55547259416636
HMR_9109	0.0
HMR_9110	-0.0007756440281030444
HMR_9111	0.0
HMR_9113	0.0
HMR_9114	0.0
HMR_9115	0.0
HMR_9116	0.0
HMR_9117	0.0
HMR_9118	0.0
HMR_9119	0.0
HMR_9120	0.0
HMR_9121	0.0
HMR_9122	0.0
HMR_9123	0.0
HMR_9124	0.0
HMR_9125	0.0
HMR_9126	0.0
HMR_9127	0.0
HMR_9128	0.0
HMR_9129	0.0
HMR_9130	0.0
HMR_9131	0.0
HMR_9132	0.0
HMR_9133	0.0
HMR_9134	0.0
HMR_9135	0.0
HMR_9136	0.0
HMR_9137	0.0
HMR_9138	0.0
HMR_9139	0.0
HMR_9140	0.0
HMR_9141	0.0
HMR_9142	0.0
HMR_9143	-0.0007756440281030444
HMR_9144	0.0
HMR_9145	0.0
HMR_9146	9.822353301288873
HMR_9147	-0.008133021077283373
HMR_9148	0.0
HMR_9149	0.0
HMR_9150	0.0
HMR_9151	0.0
HMR_9152	-0.0007756440281030444
HMR_9153	0.0
HMR_9154	-0.0007756440281030444
HMR_9155	0.0
HMR_9156	0.0
HMR_9157	0.0
HMR_9158	0.0
HMR_9159	-0.0007756440281030444
HMR_9160	0.0
HMR_9161	0.0
HMR_9162	0.0
HMR_9163	0.0
HMR_9164	0.0
HMR_9165	0.0
HMR_9166	-0.18133026352421233
HMR_9167	-0.0007756440281030444
HMR_9168	0.0
HMR_9169	0.0
HMR_9171	0.0
HMR_9172	0.0
HMR_9201	0.0
HMR_9202	0.0
HMR_9203	0.0
HMR_9204	0.0
HMR_9205	0.0
HMR_9206	0.0
HMR_9207	0.0
HMR_9208	0.0
HMR_9209	0.0
HMR_9210	0.0
HMR_9211	0.0
HMR_9212	0.0
HMR_9213	0.0
HMR_9214	0.0
HMR_9215	-0.0011600936768149882
HMR_9216	0.0
HMR_9217	0.0
HMR_9218	0.0
HMR_9219	0.0
HMR_9220	0.0
HMR_9221	0.0
HMR_9222	0.0
HMR_9223	0.0
HMR_9224	0.0
HMR_9225	0.0
HMR_9226	0.0
HMR_9227	0.0
HMR_9228	0.0
HMR_9229	0.0
HMR_9230	0.0
HMR_9231	0.0
HMR_9232	0.0
HMR_9233	0.0
HMR_9234	0.0
HMR_9235	-2.8076076338415676
HMR_9236	0.0
HMR_9237	0.0
HMR_9238	0.0
HMR_9239	0.0
HMR_9240	0.0
HMR_9241	0.0
HMR_9242	0.0
HMR_9243	0.0
HMR_9244	0.0
HMR_9245	0.0
HMR_9246	0.0
HMR_9247	0.0
HMR_9248	0.0
HMR_9249	0.0
HMR_9250	0.0
HMR_9251	0.0
HMR_9252	0.0
HMR_9253	0.0
HMR_9254	0.0
HMR_9255	0.0
HMR_9256	0.0
HMR_9257	0.0
HMR_9258	0.0
HMR_9259	0.0
HMR_9260	0.0
HMR_9261	0.0
HMR_9262	0.0
HMR_9263	0.0
HMR_9264	0.0
HMR_9265	0.0
HMR_9266	0.0
HMR_9267	0.0
HMR_9268	0.0
HMR_9269	-0.0007756440281030444
HMR_9270	0.0
HMR_9271	-0.00019334894613583136
HMR_9272	0.0
HMR_9273	0.00019334894613583136
HMR_9275	0.0
HMR_9276	0.0
HMR_9277	0.0
HMR_9278	0.0
HMR_9279	0.0
HMR_9280	0.0
HMR_9281	0.0
HMR_9282	0.0
HMR_9283	0.0
HMR_9284	0.0
HMR_9285	-0.4572707893740194
HMR_9286	-0.014857278295475018
HMR_9287	0.0
HMR_9288	0.0
HMR_9289	0.0
HMR_9290	0.0
HMR_9291	0.0
HMR_9292	0.0
HMR_9293	0.0
HMR_9294	0.0
HMR_9295	-0.5914167292241772
HMR_9296	0.0
HMR_9297	0.0
HMR_9298	0.0
HMR_9299	0.0
HMR_9300	-0.10095269320843094
HMR_9301	0.0
HMR_9302	0.0
HMR_9303	0.0
HMR_9304	0.0
HMR_9305	0.0
HMR_9306	0.0
HMR_9307	0.0
HMR_9308	0.0
HMR_9309	0.0
HMR_9310	0.0
HMR_9311	0.0
HMR_9312	0.0
HMR_9313	0.0
HMR_9314	0.0
HMR_9315	0.0
HMR_9316	0.0
HMR_9317	0.0
HMR_9318	0.0
HMR_9319	0.0
HMR_9320	0.0
HMR_9321	0.0
HMR_9322	0.0
HMR_9323	0.0
HMR_9324	0.0
HMR_9325	0.0
HMR_9326	0.0
HMR_9327	0.0
HMR_9328	0.0
HMR_9329	0.0
HMR_9330	0.0
HMR_9331	0.0
HMR_9332	0.0
HMR_9333	0.0
HMR_9334	0.0
HMR_9335	0.0
HMR_9336	0.0
HMR_9337	0.0
HMR_9338	0.0
HMR_9339	0.0
HMR_9340	0.0
HMR_9341	0.0
HMR_9342	0.0
HMR_9343	0.0
HMR_9344	0.0
HMR_9345	0.0
HMR_9346	-0.05794284659258142
HMR_9347	0.0
HMR_9348	-0.09561547249989352
HMR_9349	0.0
HMR_9350	0.0
HMR_9351	-0.16395971896955505
HMR_9352	0.0
HMR_9353	-0.657515206657015
HMR_9354	0.0
HMR_9355	0.0
HMR_9356	0.0
HMR_9357	0.0
HMR_9358	0.0
HMR_9359	0.0
HMR_9360	0.0
HMR_9361	0.0
HMR_9362	0.0
HMR_9363	-0.0009058548009367682
HMR_9364	0.0
HMR_9365	0.0
HMR_9366	0.0
HMR_9367	0.0
HMR_9368	0.0
HMR_9369	0.0
HMR_9370	0.0
HMR_9371	0.0
HMR_9372	0.0
HMR_9373	0.0
HMR_9374	0.0
HMR_9375	0.0
HMR_9376	0.0
HMR_9377	0.0
HMR_9378	-0.035328337236533995
HMR_9379	0.0
HMR_9380	0.0
HMR_9381	0.0
HMR_9382	0.0
HMR_9383	-25.973759837803836
HMR_9384	0.0
HMR_9385	0.0
HMR_9386	0.0
HMR_9387	0.0
HMR_9388	0.0
HMR_9389	0.0
HMR_9390	0.0
HMR_9391	0.0
HMR_9392	0.0
HMR_9393	0.0
HMR_9394	0.0
HMR_9395	0.0
HMR_9396	0.0
HMR_9397	0.0
HMR_9398	0.0
HMR_9399	0.0
HMR_9400	0.0
HMR_9401	0.0
HMR_9404	-0.0007733957845433255
HMR_9405	0.0
HMR_9406	0.0
HMR_9407	0.0
HMR_9408	0.0
HMR_9409	0.0
HMR_9410	0.0
HMR_9411	0.0
HMR_9412	0.0
HMR_9413	0.0
HMR_9414	0.0
HMR_9415	0.0
HMR_9416	0.0
HMR_9417	0.0
HMR_9418	0.0
HMR_9419	0.0
HMR_9420	0.0
HMR_9421	0.0
HMR_9422	0.0
HMR_9423	0.0
HMR_9424	0.0
HMR_9425	0.0
HMR_9426	0.0
HMR_9427	0.0
HMR_9428	0.0
HMR_9429	0.0
HMR_9430	0.0
HMR_9431	0.0
HMR_9432	0.0
HMR_9433	0.0
HMR_9434	0.0
HMR_9435	0.0
HMR_9436	0.0
HMR_9437	0.0
HMR_9438	0.0
HMR_9439	0.0
HMR_9440	-1.1157394300263925
HMR_9441	0.0
HMR_9442	0.0
HMR_9443	0.0
HMR_9444	0.0
HMR_9445	0.0
HMR_9446	0.0
HMR_9447	0.0
HMR_9448	0.0
HMR_9449	0.0
HMR_9450	0.0
HMR_9451	0.0
HMR_9452	0.0
HMR_9453	0.0
HMR_9454	0.0
HMR_9455	0.0
HMR_9456	0.0
HMR_9457	0.0
HMR_9458	0.0
HMR_9460	0.0
HMR_9461	0.0
HMR_9462	0.0
HMR_9463	0.0
HMR_9681	0.0
HMR_9682	0.0
HMR_9683	0.0
HMR_9684	0.0
HMR_9685	0.0
HMR_9686	0.0
HMR_9687	0.0
HMR_9688	0.0
HMR_9689	0.0
HMR_9690	0.7495072599531615
HMR_9691	-0.0007756440281030444
HMR_9692	1.3877787807814457e-17
HMR_9693	0.0
HMR_9694	0.0
HMR_9695	0.0
HMR_9696	0.0
HMR_9697	0.0
HMR_9698	0.0
HMR_9699	0.0
HMR_9700	0.0
HMR_9701	0.0
HMR_9702	0.0
HMR_9703	0.0
HMR_9704	0.0
HMR_9705	0.0
HMR_9706	0.0
HMR_9707	0.0
HMR_9708	0.0
HMR_9709	0.0
HMR_9710	0.0
HMR_9711	0.0
HMR_9712	0.0
HMR_9713	0.0
HMR_9714	0.0
HMR_9715	-1.3877787807814457e-17
HMR_9721	0.0
HMR_9729	-7.610304449648712
HMR_9730	0.0
HMR_9725	0.0
HMR_0031	0.0
HMR_0032	0.0
biomass_components	0.0
cofactors_vitamins	0.0
vitaminA	0.0
vitaminD	0.0
vitaminE	0.0
xenobiotics	0.0
arachidonates	0.0
steroids	0.0
10FTHFtm	0.0
13DAMPPOX	0.0
34HPLFM	0.0
3DPHBH1	0.0
3HBCOAHLm	0.0
3HPCOAHYD	0.0
3HPPD	0.0
3MOBt2im	0.0
3NTD7l	0.0
4HBZCOAFm	0.0
4HBZFm	0.0
4MPTNLtr	0.0
5FTHFt2	0.0
5HOXINDACTOXm	0.0
5HTRPVESSEC	0.0
5MTHFt2	0.0
7DHCHSTEROLtr	0.0
A_MANASE	0.0
ACACtx	0.0
ACCOAtr	0.0
ACHVESSEC	0.0
ACOX22x	0.0
ACRNtm	-0.0018117096018735361
ACt2m	0.0
ADPRDPm	0.0
ADRNCOAtx	0.0
ADRNCRNt	0.0
ADRNLPVESSEC	0.0
ALAt2rL	0.0
ALDD21	0.0
ALKP	0.0
AMACR2p	-2.168404344971009e-19
AMACR2r	0.0
AMACRr	0.0
AMY2e	0.0
APOCFm	0.0
APOC_LYS_BTNPm	0.0
ARACHCOAtx	0.0
ARACHCRNt	0.0
ARACHDCOAtx	0.0
ARACHDtr	0.0
ARGtm	0.0
ATPasel	0.0
B3GNT312g	0.0
B3GNT314g	0.0
BAAT1x	0.0
BAAT3x	0.0
BAAT4x	0.0
BACCLm	0.0
BALAVECSEC	0.0
BAMPPALDOXm	0.0
BILDGLCURtr	0.00019334894613583136
BILGLCURtr	0.0
BTNDm	0.0
BTNPLm	0.0
BTNt2m	0.0
BTNt3i	0.0
BTNt4i	0.0007756440281030444
BUP2	0.0
BUTt2m	0.0
BVITEt	0.0
BZt	0.0
BZtr	0.0
C14STRr	0.0
C160CRNt	0.0
C161CPT12	0.0
C161CPT22	0.0
C161CRN2t	0.0
C161CRNt	0.0
C180CRNt	0.0
C181CPT1	0.0
C181CPT2	0.0
C181CRNt	0.0
C204CRNt	0.0
C226CRNt	0.0
C3STDH1Pr	0.0
C3STDH1r	0.0
C3STKR2r	0.0
C4STMO1r	0.0
C4STMO2Pr	0.0
C4STMO2r	0.0
CAATPS	0.0
CDPDAGtm	0.0
CDS	0.0
CDSm	0.0
CHSTEROLt2	0.0
CITRtm	0.0
CITtam	0.0
CLOHtex2	0.0
CLPNDCOAtx	-8.131516293641286e-21
CLPNDCRNt	0.0
CLS_hs	0.0
CO2tn	0.0
COQ3m	0.0
COQ5m	0.0
COQ6m	0.0
COQ7m	0.0
COUCOAFm	0.0
CRMPte	0.0
CRNtHa	0.0
CRNtx	0.0
CSNAT2x	0.0
DAG_HSter	0.0
DAGKn_hs	0.0
DAGt	0.0
DCSPTN1CRNt	0.0
DESAT16_2	0.0
DESAT18_10	0.0
DESAT18_3	0.0
DESAT18_4	0.0
DESAT18_5	0.0
DESAT18_6	0.0
DESAT18_7	0.0
DESAT18_8	0.0
DESAT18_9	0.0
DESAT20_1	0.0
DESAT20_2	0.0
DESAT22_1p	0.0
DESAT22_2p	0.0
DGCHOLte	0.0
DGCHOLtx	0.0
DHCHOLESTANATEtm	0.0
DHCR243r	0.0
DHCR71r	0.0
DHCR72r	0.0
DHFtm	0.0
DKMPPD	0.0
DLNLCGCRNt	0.0
DMATTx	0.0
DMHPTCRNt	0.0
DMNONCRNt	0.0
DOLGLCP_Lter	0.0
DOLICHOL_Uter	0.0
DOPAVESSEC	0.0
DPMVDx	0.0
DPROOp	0.0
EBP1r	0.0
EBP2r	0.0
ECGISOr	0.0
EICOSTETCRNt	0.0
ELAIDCPT1	0.0
ELAIDCPT2	0.0
ELAIDCRNt	0.0
ENGASE	0.0
ENGASE2	0.0
ENMAN1g	0.0
ENMAN2g	0.0
ENMAN3g	0.0
ENMAN4g	0.0
ENMAN5g	0.0
ENMAN6g	0.0
ETF	0.0
ETFQO	0.0
EX_1glyc_hs[e]	0.0
EX_9_cis_retfa[e]	0.0
EX_adrn[e]	0.0
EX_arach[e]	0.0
EX_arachd[e]	0.0
EX_atp[e]	-843.9346604215456
EX_bvite[e]	0.0
EX_clpnd[e]	0.0
EX_crmp_hs[e]	0.0
EX_crvnc[e]	1.5770213417970973e-18
EX_dag_hs[e]	0.0
EX_dcsptn1[e]	0.0
EX_dlnlcg[e]	0.0
EX_eicostet[e]	0.0
EX_elaid[e]	0.0
EX_fucfuc12gal14acglcgalgluside_hs[e]	0.0
EX_fucfucgalacglcgalgluside_hs[e]	0.0
EX_glyc_S[e]	0.0
EX_glygn2[e]	0.0
EX_glygn4[e]	0.0
EX_glygn5[e]	0.0
EX_hdca[e]	0.0
EX_hdcea[e]	0.0
EX_hexc[e]	0.0
EX_hista[e]	0.0
EX_hpdca[e]	0.0
EX_lgnc[e]	0.0
EX_lneldc[e]	0.0
EX_lnlncg[e]	0.0
EX_lpchol_hs[e]	-2.3381927868852457
EX_mag_hs[e]	0.0
EX_nrvnc[e]	0.0
EX_ocdca[e]	0.0
EX_ocdcea[e]	0.0
EX_pchol_hs[e]	0.0
EX_pe_hs[e]	-0.7894819672131148
EX_pglyc_hs[e]	-0.12474229508196721
EX_phyt[e]	0.0
EX_ps_hs[e]	-0.07874098360655737
EX_ptdca[e]	0.0
EX_retfa[e]	0.0
EX_retinol_9_cis[e]	0.0
EX_retinol_cis_11[e]	0.0
EX_strdnc[e]	-0.00029016393442622945
EX_tag_hs[e]	0.0
EX_tethex3[e]	0.0
EX_tetpent3[e]	0.0
EX_tetpent6[e]	0.0
EX_tettet6[e]	0.0
EX_tmndnc[e]	0.0
EX_ttdca[e]	0.0
EX_vacc[e]	0.0
EX_xolest_hs[e]	0.0
EX_xolest2_hs[e]	0.0
EX_xoltri24[e]	0.0
EX_xoltri25[e]	0.0
EX_xoltri27[e]	0.0
FA141ACPH	0.0
FA161ACPH	0.0
FA180ACPH	0.0
FA181ACPH	0.0
FA1821ACPH	0.0
FA1822ACPH	0.0
FA182ACPH	0.0
FACOAL1813	0.0
FACOAL191	0.0
FACOAL206	0.0
FACOAL40im	0.0
FAEL183	0.0
FAEL184	0.0
FAEL204	0.0
FAEL205	0.0
FAOXC11	0.0
FAOXC140	0.0
FAOXC150m	0.0
FAOXC160	0.0
FAOXC16080m	0.0
FAOXC16080x	0.0
FAOXC161802m	0.00029016393442622945
FAOXC16180m	0.0
FAOXC170m	0.0
FAOXC180	0.00029016393442622945
FAOXC180x	0.0
FAOXC1811601m	0.0
FAOXC1811602m	0.0
FAOXC1811603m	0.0
FAOXC182806m	0.002021303123106404
FAOXC18280m	0.0
FAOXC183803m	0.0
FAOXC183806m	0.0
FAOXC183806x	0.0
FAOXC18480m	0.0
FAOXC18480x	0.0
FAOXC200180m	0.0
FAOXC200180x	0.0
FAOXC2031836m	0.0
FAOXC204	0.0
FAOXC204184m	0.0
FAOXC2051843m	0.0
FAOXC2051843x	0.0
FAOXC2242046m	0.0
FAOXC2242046x	0.0
FAOXC2252053m	0.0
FAOXC2252053x	0.0
FAOXC226205m	0.0
FAOXC226205x	0.0
FAOXC240200x	0.0
FAOXC241181x	0.0
FAOXC2442246x	0.0
FAOXC2452253x	8.131516293641286e-21
FAOXC2452256x	0.0
FAOXC246226x	0.0
FAOXC260240x	0.0
FAOXC80	0.0
FAS100COA	0.0
FAS120COA	0.0
FAS140COA	0.0
FAS160COA	0.0
FAS180COA	0.0
FAS80COA_L	0.0
FBA5	0.0
FCLTm	0.0
FE2tm	0.0
FOLt2	-9.822353301288873
FRDPtc	0.0
FRDPtr	0.0
FUCFUC12GAL14ACGLCGALGLUSIDEte	0.0
FUCFUC12GAL14ACGLCGALGLUSIDEtg	0.0
FUCFUCGALACGLCGALGLUSIDEte	0.0
FUCFUCGALACGLCGALGLUSIDEtg	0.0
FUT18g	0.0
FUT34g	0.0
FUT93g	0.0
G3PD2m	0.0
GABAVESSEC	0.0
GALFUCGALACGLCGAL14ACGLCGALGLUSIDEtg	0.0
GALGLUSIDEtg	0.0
GALGLUSIDEtl	0.0
GALGT1	0.0
GALNTg	0.0
GCHOLAte	0.0
GCHOLAtx	0.0
GDPtg	0.0
GHMT3m	0.0
GLACOm	0.0
GLCMter	0.0
GLCt2_2	0.0
GLDBRAN	0.0
GLNtm	0.0
GLYC_St	0.0
GLYt2rL	0.0
GLYVESSEC	0.0
GRTTx	0.0
H8MTer_L	0.0
H8MTer_U	0.0
HDCAter	0.0
HDD2COAtx	0.0
HEXCCPT2	0.0
HEXCCRNt	0.0
HISTAVESSEC	0.0
HKt	0.0
HMGCOARr	0.0
HMGCOAtx	-2.168404344971009e-19
HMGLx	0.0
HOXG	0.0
HPDCACRNt	0.0
HPYRR2x	0.0
HRETNtn	0.0
HSD17B42x	2.168404344971009e-19
HSD17B4x	0.0
HSD17B7r	0.0
Htr	0.0
Htx	2.439454888092385e-19
HXANtl	0.0
ILEt5m	0.0
INStl	0.0
IPDDIx	0.0
IPDPtr	0.0
KAS8	0.0
KHK3	0.0
LCADi_Dm	0.0
LCAT1e	0.0
LCTStg	0.0
LEUt5m	0.0
LGNCCPT2	0.0
LGNCCRNt	0.0
LIPOti	0.0
L_LACtcm	0.0
LNELDCCRNt	0.0
LNLCCRNt	0.0
LNLNCACPT1	0.0
LNLNCACPT2	0.0
LNLNCACRNt	0.0
LNLNCGCRNt	0.0
LNS14DM	0.0
LNSTLSr	0.0
LPCHOLt	2.3381927868852457
LRAT	0.0
LRAT1	0.0
LRAT2	0.0
LSTO1r	0.0
LSTO2r	0.0
M4ATAer	0.0
M4BET2er	0.0
MAGt	0.0
MAOX	0.0
MCOATAm	0.0
MEPIVESSte	0.0
MEVK1x	0.0
MMCD	0.0
MMCDp	0.0
NABTNOm	0.0
NAGA2ly	0.0
NAHCO3_HCLt	0.03579967848372391
NAt	0.0
NAt5	0.0
NCNt	0.0
NH4t3r	0.0
NH4tn	0.0
NH4tp	0.0
NMNATr	0.035328337236533995
NNATm	0.0
NRPPHRVESSEC	0.0
NRVNCCPT2	0.0
NRVNCCRNt	0.0
O16G1e	0.0
OCCOAtx	0.0
ODECOAtx	0.0
ORETNtn	0.0
ORETNtn2	0.0
OXAtp	0.0
P45027A15m	0.0
P45039A1r	0.0
P45046A1r	0.0
P4507B12r	0.0
P450LTB4r	0.0
P450SCC1m	0.0
PA_HSter	0.0
PA_HStg	0.0
PA_HStn	0.0
PCFLOPm	0.0
PCHOLPm_hs	0.0
PCRNtc	0.0
PCRNtm	0.0
PECGONCOATr	0.0
PEFLIP	0.0
PEFLIPm	0.0
PEPLYStn	0.0
PEROXx	0.0
PEt	0.7894819672131148
PETOHMm_hs	0.0
PETOHMr_hs	0.0
PGLYCt	0.12474229508196721
PGPP_hs	0.0
PGPPT	0.0
PHETA1m	0.0
PHYTt	0.0
PI4P3Ker	0.0
PIter	0.0
PItx	0.0
PMEVKx	0.0
PMTCOAtx	0.0
PNTKm	0.0
PNTOt5	0.0
PPAt	0.0
PPAtm	0.0
PPPGOm	0.0
PRISTANALtx	0.0
PRISTCOAtx	0.0
PRISTtx	0.0
PROAKGOX1r	0.0
PROt2rL	0.0
PROtm	0.0
PRPNCOAHYDx	0.0
PS_HStg	0.0
PSDm_hs	0.0
PSFLIP	0.0
PSFLIPm	0.0
PSt3	0.07874098360655737
PTDCACRNt	0.0
PTE3x	0.0
PTE4x	0.0
PTE5x	0.0
PYAM5Ptm	0.0
PYDX5Ptm	0.0
RAtn	0.0
RAtn3	0.0
RDH2a	0.10361115281612376
RETFAt	0.0
RETFAt1	0.0
RIBt2	0.0
SCP22x	0.0
SCP2x	0.0
Ser_Thrtg	0.0
SIAASE	0.0
SQLEr	0.0
SQLSr	0.0
STCOAtx	0.0
STRDNCCRNt	0.0
T4HCINNMFM	0.0
TAGt	0.0
TCHOLAte	0.0
TCHOLAtx	0.0
TDCHOLAte	0.0
TDCHOLAtx	0.0
TETPENT3CPT2	0.0
TETPENT3CRNt	0.0
TETPENT6CPT2	0.0
TETPENT6CRNt	0.0
TETTET6CPT2	0.0
TETTET6CRNt	0.0
THCHOLSTOICtm	0.0
THFt2	2.8076076338415676
THMMPt4	0.0
THMMPtm	0.0
THMPPtm	0.0
THMt2m	0.0
THMTPt	0.0
TMNDNCCOAtx	0.0
TMNDNCCRNt	0.0
TRDR2	0.0
TRDR3	0.0
TREH	0.0
TTDCRNt	0.0
TYRASE	0.0
UDPDOLPT_L	0.0
UGT1A10r	-0.0003866978922716627
VALt5m	0.0
VITD3tm	0.0
VITD3tm3	0.0
XOL27OHtm	0.0
XOL7AH2tr	0.0
XOLDIOLONEtm	0.0
XOLEST2te	0.047659016393442624
XOLESTte	0.0
XOLTRI24tc	0.0
XOLTRI24te	0.0
XOLTRI25tc	0.0
XOLTRI25te	0.0
XOLTRI27tc	0.0
XOLTRI27te	0.0
EX_4abutn[e]	0.0
EX_ahdt[e]	259.55547259416636
EX_ctp[e]	0.0
EX_dgmp[e]	0.0
EX_dgtp[e]	0.0
EX_dha[e]	0.0
EX_dhap[e]	0.0
EX_dtmp[e]	0.0
EX_dttp[e]	0.0
EX_fad[e]	-0.0007756440281030392
EX_fald[e]	0.0
EX_g1p[e]	0.0
EX_HC00229[e]	0.0
EX_HC01440[e]	0.0
EX_HC01441[e]	0.0
EX_HC01446[e]	0.0
EX_HC01577[e]	0.0
EX_HC01609[e]	0.0
EX_HC01610[e]	0.0
EX_HC01700[e]	0.0
EX_HC02160[e]	0.0
EX_HC02161[e]	0.0
EX_prpp[e]	0.0
EX_udpg[e]	0.0
r0034	0.0
r0093	0.0
r0145	0.0
r0170	0.0
r0193	-0.07515967676843636
r0309	0.0
r0310	0.00029016393442622945
r0403	0.0
r0410	0.0
r0437	0.0
r0440	0.0
r0443	0.0
r0494	0.0
r0497	0.0
r0510	0.0
r0511	0.0
r0571	0.0
r0575	0.0
r0633	0.0
r0638	0.0
r0652	0.0
r0672	0.0
r0701	0.0
r0707	-259.55547259416636
r0735	0.0
r0752	0.0
r0753	0.0
r0754	0.0
r0755	0.0
r0756	0.0
r0757	0.0
r0774	0.0
r0780	0.0
r0781	0.0
r0783	0.0
r0791	-0.0015467915690866516
r0913	0.0
r0915	0.0
r0924	0.0
r0927	0.0
r0931	0.0
r0936	0.0
r0941	-0.009125374789145286
r0946	0.0
r0947	0.0
r0983	0.0
r0986	0.0
r0988	0.0
r0989	0.0
r0993	0.0
r0994	0.0
r0999	0.0
r1003	0.0
r1008	0.0
r1012	0.0
r1014	0.0
r1017	0.0
r1021	0.0
r1024	0.0
r1029	0.0
r1078	0.0
r1134	0.0
r1135	0.0
r1146	0.0
r1147	0.0
r1162	0.0
r1165	0.0
r1186	0.0
r1251	0.0
r1252	0.0
r1253	0.00029016393442622945
r1259	0.0
r1298	0.0
r1301	0.0
r1303	0.0
r1313	0.0
r1314	0.0
r1315	0.0
r1316	0.0
r1317	0.0
r1318	0.0
r1364	0.0
r1367	0.0
r1380	0.0
r1381	0.0
r1400	-0.0002649180327868861
r1411	0.0
r1421	0.0
r1423	358.9167526204232
r1431	0.0
r1432	0.0
r1433	0.0
r1441	0.0
r1446	0.0
r1447	0.0
r1448	0.0
r1449	0.0
r1450	0.0
r1451	0.0
r1466	0.0
r1467	0.0
r1468	0.0
r1481	0.0
r1493	0.0
r1495	0.0
r1526	0.0
r1527	0.0
r1540	0.0
r2157	0.0
r2158	0.0
r2159	0.0
r2236	0.0
r2237	0.0
r2238	0.0
r2315	0.0
r2346	0.0
r2373	0.0
r2374	0.0
r2375	0.0
r2376	0.0
r2377	0.0
r2378	0.0
r2379	0.0
r2380	0.0
r2497	0.0
r2498	0.0
r2507	0.0
r2508	0.0
r2509	0.0
r2510	0.0
r2511	0.0
r2512	0.0
r2513	0.0
r2514	0.0
r2515	0.0
r2537	0.0
r2538	0.0
RE0066M	0.0
RE0066R	0.0
RE0344M	0.0
RE0344X	0.0
RE0456M	0.0
RE0512C	0.0
RE0569E	0.0
RE0572N	0.0
RE0573N	0.0
RE0577M	0.0
RE0577X	0.0
RE0578M	0.0
RE0578X	0.0
RE0579M	0.0
RE0579X	0.0
RE0580L	0.0
RE0580R	0.0
RE0581R	0.0
RE0582N	0.0
RE0583N	0.0
RE0691C	0.0
RE0702E	0.0
RE0702L	0.0
RE0702M	0.0
RE0702N	0.0
RE0908G	0.0
RE0908R	0.0
RE0916G	0.0
RE0916R	0.0
RE0918G	0.0
RE0918R	0.0
RE0924C	0.0
RE0924R	0.0
RE0925C	0.0
RE0925R	0.0
RE0927C	0.0
RE0927R	0.0
RE0928C	0.0
RE0928R	0.0
RE0936E	0.0
RE0937E	0.0
RE0938E	0.0
RE1050C	0.0
RE1050E	0.0
RE1050L	0.0
RE1050N	0.0
RE1062M	0.0
RE1064C	0.0
RE1096M	0.0
RE1099G	0.0
RE1099L	0.0
RE1099R	0.0
RE1100G	0.0
RE1100L	0.0
RE1134M	0.0
RE1135G	0.0
RE1135L	0.0
RE1233M	0.0
RE1309M	0.0
RE1342C	0.0
RE1447M	0.0
RE1447N	0.0
RE1448N	0.0
RE1514M	0.0
RE1514X	0.0
RE1516X	0.0
RE1517X	0.0
RE1518X	0.0
RE1519X	0.0
RE1525C	0.0
RE1526C	0.0
RE1527C	0.0
RE1711M	0.0
RE1796C	0.0
RE1796M	0.0
RE1804C	0.0
RE1804M	0.0
RE1806C	0.0
RE1807C	0.0
RE1807M	0.0
RE1809C	0.0
RE1810M	0.0
RE1811C	0.0
RE1812C	0.0
RE1826C	0.0
RE1827C	0.0
RE1828C	0.0
RE1829C	0.0
RE1830C	0.0
RE1835M	0.0
RE1836C	0.0
RE1836M	0.0
RE1836X	2.168404344971009e-19
RE1860E	0.0
RE1905C	0.0
RE1906C	0.0
RE1916X	0.0
RE1957G	0.0
RE1957R	0.0
RE2048N	0.0
RE2050R	0.0
RE2051G	0.0
RE2051R	0.0
RE2078M	0.0
RE2146C	0.0
RE2152C	0.0
RE2155R	0.0
RE2221C	0.0
RE2221M	0.0
RE2250C	0.0
RE2269E	3.8167840749414514
RE2270E	0.0
RE2272L	0.0
RE2273E	0.0
RE2296X	0.0
RE2327C	0.0
RE2349M	0.0
RE2375C	0.0
RE2377C	0.0
RE2404R	0.0
RE2405R	0.0
RE2410N	0.0
RE2426C	-19.436035226119863
RE2439C	0.0
RE2443M	0.0
RE2444C	0.0
RE2445E	0.0
RE2452C	0.0
RE2474C	0.0
RE2474R	0.0
RE2493C	0.0
RE2513E	0.0
RE2513L	0.0
RE2513N	0.0
RE2514E	0.0
RE2514L	0.0
RE2514N	0.0
RE2522X	0.0
RE2523X	0.0
RE2524X	0.0
RE2525X	0.0
RE2541E	0.0
RE2541L	0.0
RE2591C	0.0
RE2601C	0.0
RE2622C	0.0
RE2622R	0.0
RE2625M	0.0
RE2626C	0.0
RE2626M	0.0
RE2632C	0.0
RE2633C	0.0
RE2675C	0.0
RE2677E	0.0
RE2677N	0.0
RE2718G	0.0
RE2722G	0.0
RE2746C	0.0
RE2768R	0.0
RE2814M	0.0
RE2852C	0.0
RE2888N	0.0
RE2898C	0.0
RE2908C	0.0
RE2909C	0.0
RE2910C	0.0
RE2910M	0.0
RE2910X	0.0
RE2911C	0.0
RE2912M	0.0
RE2912X	0.0
RE2913X	0.0
RE2914X	0.0
RE2915M	0.0
RE2915X	0.0
RE2921M	0.0
RE2921X	0.0
RE2972G	0.0
RE2972M	0.0
RE2972R	0.0
RE2973N	0.0
RE2974G	0.0
RE2974N	0.0
RE2974R	0.0
RE2977C	0.0
RE2985M	0.0
RE2998M	0.0
RE2999M	0.0
RE3000M	0.0
RE3001M	0.0
RE3003M	0.0
RE3004M	0.0
RE3005M	0.0
RE3006M	0.0
RE3039C	0.0
RE3045C	0.0
RE3066X	0.0
RE3072X	0.0
RE3073X	0.0
RE3074X	0.0
RE3075C	0.0
RE3075X	0.0
RE3079C	0.0
RE3095L	0.0
RE3095X	0.0
RE3103R	0.0
RE3104R	0.0
RE3106R	0.0
RE3110R	0.0
RE3111M	0.0
RE3112R	0.0
RE3113R	0.0
RE3119R	0.0
RE3120R	0.0
RE3121R	0.0
RE3122R	0.0
RE3123R	0.0
RE3124R	0.0
RE3125R	0.0
RE3126R	0.0
RE3129N	0.0
RE3134C	0.0
RE3134R	0.0
RE3144C	0.0
RE3144M	0.0
RE3147C	0.0
RE3147R	0.0
RE3148C	0.0
RE3148R	0.0
RE3150C	0.0
RE3150R	0.0
RE3151R	0.0
RE3152R	0.0
RE3153R	0.0
RE3154R	0.0
RE3155R	0.0
RE3158X	0.0
RE3161R	0.0
RE3162R	0.0
RE3163R	0.0
RE3164R	0.0
RE3165R	0.0
RE3166R	0.0
RE3167R	0.0
RE3168R	0.0
RE3169R	0.0
RE3170R	0.0
RE3171R	0.0
RE3172R	0.0
RE3173R	0.0
RE3174R	0.0
RE3175R	0.0
RE3176R	0.0
RE3180C	0.0
RE3181C	0.0
RE3198C	0.0
RE3218L	0.0
RE3218R	0.0
RE3220L	0.0
RE3220R	0.0
RE3224R	0.0
RE3225R	0.0
RE3226R	0.0
RE3227R	0.0
RE3228R	0.0
RE3229R	0.0
RE3230R	0.0
RE3231R	0.0
RE3232R	0.0
RE3233G	0.0
RE3233L	0.0
RE3234R	0.0
RE3235R	0.0
RE3236R	0.0
RE3241C	0.0
RE3241R	0.0
RE3242C	0.0
RE3242R	0.0
RE3243C	0.0
RE3243R	0.0
RE3244C	0.0
RE3244R	0.0
RE3248M	0.0
RE3248X	0.0
RE3250C	0.0
RE3250M	0.0
RE3250X	0.0
RE3251C	0.0
RE3251M	0.0
RE3252C	0.0
RE3268R	0.0
RE3273C	0.0
RE3273G	0.0
RE3273R	0.0
RE3287R	0.0
RE3301G	0.0
RE3301R	0.0
RE3335M	0.0
RE3335R	0.0
RE3335X	0.0
RE3338C	0.0
RE3339C	0.0
RE3340C	0.0
RE3343C	0.0
RE3346C	0.0
RE3346M	0.0
RE3346R	0.0
RE3378C	0.0
RE3381E	0.0
RE3381L	0.0
RE3410C	0.0
RE3421M	0.0
RE3421R	0.0
RE3434C	0.0
RE3434R	0.0
RE3444C	0.0
RE3446M	0.0
RE3446R	0.0
RE3446X	0.0
RE3448C	0.0
RE3449C	0.0
RE3452C	0.0
RE3455C	0.0
RE3458C	0.0
RE3470C	0.0
RE3470M	0.0
RE3470X	0.0
RE3474R	0.0
RE3475N	0.0
RE3476M	0.0
RE3476X	0.0
RE3490C	0.0
RE3503N	0.0
RE3511M	0.0
RE3511R	0.0
RE3513N	0.0
RE3514C	0.0
RE3514R	0.0
RE3515C	0.0
RE3520M	0.0
RE3520N	0.0
RE3521M	0.0
RE3525N	0.0
RE3525X	0.0
RE3526C	0.0
RE3526M	0.0
RE3526X	0.0
RE3532M	0.0
RE3532R	0.0
RE3533M	0.0
RE3533R	0.0
RE3534M	0.0
RE3534R	0.0
RE3535R	0.0
RE3554M	0.0
RE3554R	0.0
RE3557M	0.0
RE3557R	0.0
RE3560C	0.0
RE3564C	0.0
RE3587N	0.0
RE3596M	0.0
RE3596X	0.0
RE3624M	0.0
RE3624X	0.0
RE3626M	0.0
RE3627C	0.0
RE3636C	0.0
RN0001R	0.0
RN0002N	0.0
RN0002R	0.0
RN0014R	0.0
RN0020C	0.0
RN0020R	0.0
RN0021C	0.0
RN0021R	0.0
RN0021X	0.0
RN0022C	0.0
RN0022R	0.0
RN0022X	0.0
RN0023C	0.0
RN0023R	0.0
RN0023X	0.0
RN0027C	0.0
RN0027R	0.0
RN0028C	0.0
RN0028R	0.0
RN0028X	0.0
RN0029C	0.0
RN0029R	0.0
RN0030C	0.0
RN0030R	0.0
RN0031C	0.0
RN0031R	0.0
RN0031X	0.0
RN0032C	0.0
RN0032R	0.0
EX_prostgh2[e]	0.0
EX_prostgi2[e]	0.0
EX_cdp[e]	0.0
EX_dtdp[e]	0.0
EX_HC00955[e]	0.0
EX_HC00002[e]	0.0
EX_HC00003[e]	0.0
EX_HC00004[e]	0.0
EX_HC01852[e]	0.0
EX_HC01939[e]	0.0
EX_HC01942[e]	0.0
EX_HC01943[e]	0.0
EX_HC01944[e]	0.0
EX_HC00822[e]	0.0
EX_C02528[e]	0.0
EX_HC02192[e]	0.0
EX_HC02193[e]	-34.886311901592784
EX_HC02195[e]	0.0
EX_HC02196[e]	0.0
EX_HC02220[e]	0.0
EX_HC02154[e]	0.0
EX_HC02199[e]	0.0
EX_HC02200[e]	0.0
EX_HC02201[e]	0.0
EX_HC02191[e]	34.886311901592784
EX_HC02194[e]	0.0
EX_HC02197[e]	0.0
EX_HC02198[e]	0.0
EX_HC02187[e]	0.0
EX_HC02202[e]	0.0
EX_HC02203[e]	0.0
EX_HC02204[e]	0.0
EX_HC02205[e]	0.0
EX_HC02206[e]	0.0
EX_HC02207[e]	0.0
EX_HC02208[e]	0.0
EX_HC02210[e]	0.0
EX_HC02213[e]	0.0
EX_HC02214[e]	0.0
EX_HC02216[e]	0.0
EX_HC02217[e]	0.0
EX_malcoa[e]	0.0
EX_arachcoa[e]	0.0
EX_coa[e]	0.0
EX_CE2250[e]	0.0
EX_CE1935[e]	0.0
EX_CE1940[e]	0.0
EX_CE1943[e]	0.0
EX_CE2011[e]	0.0
EX_CE1939[e]	0.0
EX_maltpt[e]	0.0
EX_CE2915[e]	0.0
EX_CE4722[e]	0.0
EX_CE2916[e]	0.0
EX_CE4723[e]	0.0
EX_CE2917[e]	0.0
EX_CE4724[e]	0.0
EX_malthp[e]	0.0
EX_CE2838[e]	0.0
EX_CE1950[e]	0.0
EX_cynt[e]	0.0
EX_23cump[e]	0.0
EX_3ump[e]	0.0
EX_CE5786[e]	-3.8167840749414514
EX_CE5788[e]	3.8167840749414514
EX_CE5789[e]	0.0
EX_CE5797[e]	0.0
EX_CE5798[e]	0.0
EX_CE5787[e]	0.0
EX_CE5791[e]	0.0
EX_CE5867[e]	0.0
EX_CE5868[e]	0.0
EX_CE5869[e]	0.0
EX_CE4633[e]	0.0
EX_CE4881[e]	0.0
EX_CE5854[e]	0.0
EX_CE1926[e]	0.0
EX_udpgal[e]	0.0
EX_crm_hs[e]	-2.7621508196721356
EX_galside_hs[e]	0.0
EX_CE0074[e]	0.0
EX_cdpea[e]	0.0
EX_12dgr120[e]	0.0
EX_CE5853[e]	0.0
EX_CE1925[e]	0.0
EX_C04849[e]	0.0
PIt8	-486.16464561754236
biomass_Recon3D	0.0
2MB2COAc	0.0
3HBCOARc	0.0
ADPACDAc	0.0
ADPACtx	0.0
ADPCOACROT	0.0
ADPCOAPTE	0.0
BCRNe	0.0
C100CPT1	0.0
C101CPT1	0.0
C101CRNe	0.0
C102CPT1	0.0
C10CRNe	0.0
C10DCCACT	0.0
C10DCc	0.0
C10DCe	0.0
C10OHc	0.0
C120CPT1	0.0
C121CPT1	0.0
C12DCACOT	0.0
C12DCACT	0.0
C12DCTD	0.0
C12DCe	0.0
C12OHc	0.0
C140CPT1	0.0
C141ACBP	0.0
C141CPT1	0.0
C141OHc	0.0
C141OHe	0.0
C142ACBP	0.0
C142CPT1	0.0
C142OHc	0.0
C142OHe	0.0
C14OHc	0.0
C161OHc	0.0
C162ACBP	0.0
C162OHc	0.0
C162OHe	0.0
C16DCc	0.0
C16DCe	0.0
C16OHc	0.0
C181OHc	0.0
C182OHc	0.0
C18OHc	0.0
C2tcx	0.0
C3DCe	0.0
C4CRNe	0.0
C4DCCACT	0.0
C4DCe	0.0
C4OHc	0.0
C4tcx	0.0
C4tmc	0.0
C4x	0.0
C50CPT1	0.0
C51CPT1	0.0
C5DCe	0.0
C60CPT1	0.0
C6COAt	0.0
C6CRNe	0.0
C6CRNtcx	0.0
C6DCCACT	0.0
C6DCc	0.0
C6DCe	0.0
C81CPT1	0.0
C81CRNe	0.0
C8CRNe	0.0
C8DCc	0.0
C8DCe	0.0
C9BRxtc	0.0
DCATDr	0.0
DCSPTN1COAtxc	0.0
DDCRNe	0.0
DDECCRNe	0.0
DDECE1CRNe	0.0
DECCRNe	0.0
DECDICRNe	0.0
DOCO13ECOAtxc	0.0
DOCO13EFATP	0.0
DOCOSACTDr	0.0
DOCOSADIACTD	0.0
DOCOSCOAtxc	0.0
DOCOSDIACTD	0.0
EX_3bcrn[e]	0.0
EX_3ddcrn[e]	0.0
EX_3deccrn[e]	0.0
EX_3hdececrn[e]	0.0
EX_3hexdcrn[e]	0.0
EX_3ivcrn[e]	0.0
EX_3octdec2crn[e]	0.0
EX_3octdeccrn[e]	0.0
EX_3octdece1crn[e]	0.0
EX_3tdcrn[e]	0.0
EX_3tetd7ecoacrn[e]	0.0
EX_3thexddcoacrn[e]	0.0
EX_3ttetddcoacrn[e]	0.0
EX_c101crn[e]	0.0
EX_c10crn[e]	0.0
EX_c10dc[e]	0.0
EX_c12dc[e]	0.0
EX_c16dc[e]	0.0
EX_c3dc[e]	0.0
EX_c4crn[e]	0.0
EX_c4dc[e]	0.0
EX_c51crn[e]	0.0
EX_c5dc[e]	0.0
EX_c6crn[e]	0.0
EX_c6dc[e]	0.0
EX_c81crn[e]	0.0
EX_c8crn[e]	0.0
EX_c8dc[e]	0.0
EX_ddece1crn[e]	0.0
EX_ddecrn[e]	0.0
EX_decdicrn[e]	0.0
EX_doco13ac[e]	0.0
EX_docosac[e]	0.0
EX_docosdiac[e]	0.0
EX_ivcrn[e]	0.0
EX_tetdec2crn[e]	0.0
EX_tetdece1crn[e]	0.0
FAOXC101C102x	0.0
FAOXC101C8m	0.0
FAOXC101C8x	0.0
FAOXC102C101m	0.0
FAOXC102C101x	0.0
FAOXC102C103m	0.0
FAOXC102C103x	0.0
FAOXC102C81m	0.0
FAOXC102C81x	0.0
FAOXC102m	0.0
FAOXC102x	0.0
FAOXC103C102m	0.0
FAOXC103C102x	0.0
FAOXC10C10OHm	0.0
FAOXC10C8m	0.0
FAOXC10C8x	0.0
FAOXC10DCC8DCx	0.0
FAOXC11BRC9BRx	0.0
FAOXC11C9m	0.0
FAOXC121C101m	0.0
FAOXC121C10x	0.0
FAOXC122C101m	0.0
FAOXC122m	0.0
FAOXC122x	0.0
FAOXC123C102m	0.0
FAOXC123C102x	0.0
FAOXC123m	0.0
FAOXC123x	0.0
FAOXC12C10m	0.0
FAOXC12C10x	0.0
FAOXC12C12OHm	0.0
FAOXC12DCC10DCx	0.0
FAOXC12DCTc	0.0
FAOXC12DCc	0.0
FAOXC12DCx	0.0
FAOXC13BRC11BRx	0.0
FAOXC13C11m	0.0
FAOXC141C121m	0.0
FAOXC141C121x	0.0
FAOXC141C141OHm	0.0
FAOXC142C122m	0.0
FAOXC142C122x	0.0
FAOXC142C142OHm	0.0
FAOXC143C123m	0.0
FAOXC143C123x	0.0
FAOXC14C12m	0.0
FAOXC14C12x	0.0
FAOXC14C14OHm	0.0
FAOXC14DCC12DCx	0.0
FAOXC15ATPx	0.0
FAOXC15BRC13BRx	0.0
FAOXC15C13m	0.0
FAOXC15NADPx	0.0
FAOXC15NADx	0.0
FAOXC161C141m	0.0
FAOXC161C141x	0.0
FAOXC161C161OHm	0.0
FAOXC162C142m	0.0
FAOXC162C162OHm	0.0
FAOXC163C142x	0.0
FAOXC163C143m	0.0
FAOXC163C164Gm	0.0
FAOXC163C164x	0.0
FAOXC163GC142m	0.0
FAOXC163Gm	0.0
FAOXC163x	0.0
FAOXC164C143m	0.0
FAOXC164C143x	0.0
FAOXC164C163x	0.0
FAOXC164C165m	0.0
FAOXC164C165x	0.0
FAOXC164GC163m	0.0
FAOXC164m	0.0
FAOXC164x	0.0
FAOXC165C164m	0.0
FAOXC165C164x	0.0
FAOXC16BRx	0.0
FAOXC16C14m	0.0
FAOXC16C14x	0.0
FAOXC16C16OHm	0.0
FAOXC16DCC14DCx	0.0
FAOXC16DCr	0.0
FAOXC16OHC16r	0.0
FAOXC17C15m	0.0
FAOXC181C161m	0.0
FAOXC181C161x	0.0
FAOXC181C181OHm	0.0
FAOXC182C162m	0.0
FAOXC182C182OHm	0.0
FAOXC183C163Gm	0.0
FAOXC183C163m	0.0
FAOXC184C163m	0.0
FAOXC184C163x	0.0
FAOXC184C164m	0.0
FAOXC184C164x	0.0
FAOXC184m	0.0
FAOXC184x	0.0
FAOXC185C164m	0.0
FAOXC185m	0.0
FAOXC18C18OHm	0.0
FAOXC201C181x	0.0
FAOXC204C184m	0.0
FAOXC204C205x	0.0
FAOXC205C184x	0.0
FAOXC205C185m	0.0
FAOXC221C201x	0.0
FAOXC225C204m	0.0
FAOXC225C204x	0.0
FAOXC225C226m	0.0
FAOXC225C226x	0.0
FAOXC225m	0.0
FAOXC225x	0.0
FAOXC226C205m	0.0
FAOXC226C225m	0.0
FAOXC226C225x	0.0
FAOXC226C227m	0.0
FAOXC226m	0.0
FAOXC227C226m	0.0
FAOXC22C20x	0.0
FAOXC22C22DCHYr	0.0
FAOXC22OHC22r	0.0
FAOXC241C221x	0.0
FAOXC24C22x	0.0
FAOXC3DC	0.0
FAOXC4C2m	0.0
FAOXC4C4DCc	0.0
FAOXC5C3x	0.0
FAOXC5C5DCc	0.0
FAOXC5C5OHm	0.0
FAOXC5OHc	0.0
FAOXC61C4m	0.0015467915690866516
FAOXC61C4x	0.0
FAOXC61m	0.0
FAOXC61x	0.0
FAOXC6C4m	0.0
FAOXC6C4x	0.0
FAOXC6DCC4DCx	0.0
FAOXC7C5m	0.0
FAOXC81C61m	0.0
FAOXC81C61x	0.0
FAOXC8C6m	0.0015467915690866516
FAOXC8C6x	0.0
FAOXC8DCC6DCx	0.0
FAOXC9BRC7BRm	0.0
FAOXC9C7m	0.0
FAOXMC10OHMC10r	0.0
FAOXOHC16C16DCc	0.0
FAOXOHC22C22DCc	0.0
FAOXOHMC10DC10c	0.0
FAOXTC101TC102m	0.0
FAOXTC102C101m	0.0
FAOXTC122TC101m	0.0
FAOXTC122m	0.0
FAOXTC142TC122m	0.0
FAOXTC162TC142m	0.0
FAOXTC182TC162m	0.0
FOAXC122C101x	0.0
GLUTCOAACBP	0.0
HDCACBP	0.0
HDDACBP	0.0
HDECAACBP	0.0
HDECEACBP	0.0
HEDCECRNe	0.0
HEXDCRNe	0.0
HEXDIACtr	0.0
HEXDICOAACBP	0.0
HEXDICOAACBPx	0.0
HIVCACBP	0.0
HIVCRNe	0.0
HOCDACBP	0.0
HOCTDACBP	0.0
HOCTDEC2CRNe	0.0
HOCTDECCRNe	0.0
HTDCACBP	0.0
HTDCRNe	0.0
IVCOAACBP	0.0
IVCRNe	0.0
LGNCCOAtcx	0.0
NRVNCCOAtxc	0.0
OCD11COACPT1	0.0
OCD11CRNCACT	0.0
OCD11CRNCPT2	0.0
OCT11EFATP	0.0
OCTDEC2ACBP	0.0
OCTDECCACT	0.0
OCTDECCPT1	0.0
OCTDECCPT2	0.0
OCTDECE1CRNe	0.0
OMHDEACIDTD	0.0
OMHDOCOSACTD	0.0
OMHPALTD	0.0
PRISTCOAtcx	0.0
SBCOAACOTx	0.0
SCP21cx	0.0
SEBACACT	0.0
SEBACIDtx	0.0
SEBCOACROT	0.0
SEBCOAPET	0.0
STCOATxc	0.0
STRDNCCOAtxc	0.0
SUBEACtx	0.0
SUBERCACT	0.0
SUBERCROT	0.0
SUBERICACT	0.0
SUCCACT	0.0
SUCCCROT	0.0
SUCCOAPET	0.0
TDCRNe	0.0
TETDEC2CRNe	0.0
TETDECE1CRNe	0.0
TIGCRNe	0.0
34DHPHELAT1tc	0.0
4OHPROIMINOtc	0.0
ALAALACNc	0.0
ALAALAPEPT1tc	0.0
ALAyLATthc	0.0
ASCBSVCTtc	0.0
ASNATB0tc	0.0
BALAPAT1tc	0.0
BGLUGCHe	0.0
BGLUTCHLe	0.0
BGLUTDECHOe	0.0
BTNTe	0.0
CARPEPT1tc	0.0
CARhPTtc	0.0
CBLTDe	0.0
CBLtle	0.0
CYSSNAT5tc	0.0
CYSTALArBATtc	0.0
CYSTLEUrBATtc	0.0
FOLTle	0.0
GALSGLT1le	0.0
GLCSGLT1le	0.0
GLNATB0tc	0.0
GLNyLATthc	0.0
GLYGLYCNc	0.0
GLYGLYPEPT1tc	0.0
GLYPHEPEPT1tc	0.0
GLYPROPEPT1tc	0.0
GLYSARCNc	0.0
GLYSARPEPT1tc	0.0
GUMDCHAe	0.0
GUMGCHLe	0.0
GUMTCHOLe	0.0
HIShPTtc	0.0
HISyLATtc	0.0
HISyLATthc	0.0
HPETFABP1tc	0.0
LEUGLYPEPT1tc	0.0
LEULEULAPc	0.0
LEULEUPEPT1tc	0.0
LEUyLAThtc	0.0
LINOFATPtc	0.0
METyLATthc	0.0
NACHORCTL3le	0.0
OCDEAFABP1tc	0.0
OLEICFATPtc	0.0
PALFATPtc	0.0
PCHOLHSTDe	0.0
PECDCHe	0.0
PECGCHLe	0.0
PECTCHLe	0.0
PEHSFABPe	0.0
PHEATB0tc	0.0
PHEyLATthc	0.0
PMTCOAFABP1tc	0.0
PNTORDe	0.0
PROGLYPEPT1tc	0.0
PROGLYPRO1c	0.0
PROIMINOtc	0.0
PSYGCHe	0.0
PSYTCHe	0.0
PSYTDECHe	0.0
TAGHSTDe	0.0
TAUPAT1c	0.0
THMATPe	0.0
THRATB0tc	0.0
TRPATB0tc	0.0
TYRATB0tc	0.0
VITEtl	0.0
VITKtl	0.0
XOLEST2HSTDle	0.0
1a25DHVITD3TRn	0.0
3AIB_Dtm	0.0
4ABUTtcn	0.0
4HPROLTASCT1	0.0
ADNK3	0.0
ADNK4	0.0
AHCYStd	0.0
ARACHFATPc	0.0
ASPDTDe	0.0
ASPPROASCT1	0.0
BIDGLCURr	0.0
CYSAMOe	0.0
Coqe	0.0007756440281030466
DATPtm	0.0
DCTPtm	0.0
DGTPtm	0.0
DHAPtc	0.0
DPCOAPPe	0.0
DSREDUCr	0.0
DTMPKm	0.0
DTTPtm	0.0
EX_4hpro[e]	0.0
EX_adpcbl[e]	0.0
EX_alaala[e]	0.0
EX_bglc[e]	0.0
EX_carn[e]	0.0
EX_dchac[e]	0.0
EX_glgchlo[e]	0.0
EX_gltcho[e]	0.0
EX_gltdechol[e]	0.0
EX_glygly[e]	0.0
EX_glysar[e]	0.0
EX_gum[e]	0.0
EX_gumdchac[e]	0.0
EX_gumgchol[e]	0.0
EX_gumtchol[e]	0.0
EX_leugly[e]	0.0
EX_leuleu[e]	0.0
EX_pect[e]	0.0
EX_pectindchac[e]	0.0
EX_pectingchol[e]	0.0
EX_pectintchol[e]	0.0
EX_psyl[e]	0.0
EX_psylchol[e]	0.0
EX_psyltchol[e]	0.0
EX_psyltdechol[e]	0.0
EX_sfcys[e]	0.0
EX_tdechola[e]	0.0
EX_cysam[e]	0.0
EX_dpcoa[e]	0.0
EX_fmn[e]	0.0
EX_hyptaur[e]	0.0
EX_pan4p[e]	0.0
EX_ptth[e]	0.0
EX_q10[e]	-0.0007756440281030466
EX_q10h2[e]	0.0
FADDPle	0.0
FMNALKPle	0.0
FRDPtcr	0.0
G6PDH2c	0.0
GLUPROASCT1	0.0
GNDc	0.0
HYPTROXe	0.0
INSK	0.0
KHte	0.0
LACLt	0.0
LAPCOAe	0.0
LEUGLYHYc	0.0
MAL_Ltx	0.0
MDHx	0.0
NADtm	7.37257477290143e-18
OCDCAFATPc	0.0
PAN4PPe	0.0
PGLc	0.0
PNTEHe	0.0
PPItm	-0.0007756440281030258
PRO_Dtde	0.0
PTCRTD	0.0
PTPATe	0.0
Q10H2e	0.0
RPEc	0.03126792096600666
SFCYSc	0.0
SFCYSe	0.0
TAURCHAe	0.0
TTDCAFATPc	0.0
q10h2tc	0.0
q10tm	0.0007756440281030466
34HPPte	0.0
3MOBte	0.0
3MOPte	0.0
4HPRO_LTte	0.0
4MOPte	0.0
5MTAte	0.0
5OXPROt	0.0
AHCYSte	0.0
AICARte	0.0
ANTHte	0.0
CBASPte	0.0
EX_34hpp[e]	0.0
EX_3mob[e]	0.0
EX_3mop[e]	0.0
EX_4mop[e]	0.0
EX_5mta[e]	0.0
EX_5oxpro[e]	0.0
EX_ahcys[e]	0.0
EX_aicar[e]	0.0
EX_anth[e]	0.0
EX_cbasp[e]	0.0
MAL_Lte	0.07337423887587821
OROTGLUt	-0.7495072599531615
PNTOte	0.0
5HOXINDOAtr	0.0
GLYALDtr	0.0
PEPtr	-0.20888477224242424
GUDACtr	0.0
GUDACtr2	0.0
LKYNRtr	0.0
LKYNRtr2	0.0
LKYNRtr3	0.0
BALAPAT1tc2	0.0
BALABETAtc2	0.0
CALAtr	0.0
KYNATEtr	0.0
KYNATEtr2	0.0
3ANTHRNtr	0.0
HKYNRtr	0.0
QULNtr	0.0
2PGtr	0.0
CARNtr	0.0
CHOLPtr	0.0
CYST_Ltr	0.0
DCMPtr	0.25192880562060893
DHAPtr	0.0
DMGLYtr	0.0
ETHAMPtr	0.0007756440281030444
FUMtr	0.025363934426229508
G3PCtr	0.0
GLCURtr	0.0
ICITtr	0.0018117096018735364
L2AADPtr	0.0
XANtr	0.0
XMPtr	0.0
XTSNtr	0.0
3PGtr	0.0
UDPGLCURtr	0.006597470725995315
IMPtr	0.0
GLYC3tr	0.08495737704918033
NICRNtr	0.0
OROT5Ptr	0.7884590163934425
EX_2pg[e]	0.0
EX_5hoxindoa[e]	0.0
EX_cala[e]	0.0
EX_cholp[e]	0.0
EX_cyst_L[e]	0.0
EX_dcmp[e]	-0.25192880562060893
EX_dmgly[e]	0.0
EX_ethamp[e]	-0.0007756440281030444
EX_g3pc[e]	0.0
EX_glyald[e]	0.0
EX_gudac[e]	0.0
EX_hcys_L[e]	0.0
EX_icit[e]	-0.0018117096018735364
EX_kynate[e]	0.0
EX_L2aadp[e]	0.0
EX_Lkynr[e]	0.0
EX_pep[e]	-0.20888477224242424
EX_quln[e]	0.0
EX_xmp[e]	0.0
EX_xtsn[e]	0.0
EX_3pg[e]	0.0
EX_3hanthrn[e]	0.0
EX_udpglcur[e]	-0.006597470725995315
EX_hLkynr[e]	0.0
EX_nicrnt[e]	0.0
EX_orot5p[e]	-0.7884590163934425
EX_glyc3p[e]	-0.08495737704918033
ALAB0AT3tc	0.0
ARACHDFATPtc	0.0
ARGB0AT3tc	0.0
ASNB0AT3tc	0.0
BETBGTtc	0.0
BUTSMCT1	0.0
CRNATBtc	0.0
CYSB0AT3tc	0.0
DHEASABCCte	0.0
DOPAENT4tc	0.0
ESTRAABCtc	0.0
ESTROSABCCte	0.0
ESTRSABCtc	0.0
FOLABCCte	0.0
FOLOAT1tc	0.0
FOLOAT2tc	0.0
FOLOATPtc	0.0
GABABGTtc	0.0
GLNB0AT3tc	0.0
GLUB0AT3tc	0.03579967848372391
GSNt2r	0.0
H2OGLYAQPt	0.0
ILEB0AT3tc	0.0
LEUB0AT3tc	0.0
LEUKABCtc	0.0
LGNCFATPtc	0.0
METB0AT3tc	0.0
NACSMCTte	0.0
PGLYCABCte	0.0
PHEB0AT3tc	0.0
PHEMEABCte	0.0
PPASMCT1	0.0
PSHSABCtc	0.0
PYRSMCT1	0.0
RETABCtc	0.0
SERB0AT3tc	0.0
SRTNENT4tc	0.0
TCHOLABCtc	0.0
TRPB0AT3tc	0.0
TYRB0AT3tc	0.0
VALB0AT3tc	0.0
RIBFLVte	0.0
ARGSUCte	0.0
ACRNte	0.0
PCRNte	0.0
LNELDCCRNte	0.0
ODECRNte	0.0
STCRNte	0.0
PMTCRNte	0.0
HDCECRNte	0.0
EX_argsuc[e]	0.0
EX_acrn[e]	0.0
EX_pcrn[e]	0.0012456590950033599
EX_lneldccrn[e]	0.0
EX_odecrn[e]	0.0
EX_stcrn[e]	0.0
EX_pmtcrn[e]	0.0
EX_hdcecrn[e]	0.0
PCREATte	0.0
HC00342te	0.0
C08261te	0.0
BGLYte	0.0
biomass_maintenance_Recon3D	0.0
biomass_maintenance_noTrTr_Recon3D	0.0
ALPA_HSx	0.0
15KPROSTGF2c	0.0
ADPOHc	0.0
PHLAC	0.0
AND19ONEc	0.0
DESAT14_9	0.0
3MHISc	0.0
HMCRNc	0.0
PHACGLYc	0.0
XOLEST183CEH	0.0
XOLEST182CEH	0.0
XOLEST181CEH	0.0
XOLEST205CEH	0.0
XOLEST204CEH	0.0
XOLEST226CEH	0.0
CE4843HYDc	0.0
HXCOAc	-65.99575859856283
TETDECA511ACc	0.0
GPDDACHOL	0.0
ACLYSHYc	0.0
METTRANSc	0.0
METDECARc	0.0
3MTPte	0.0
EX_3mtp[e]	0.0
ELAIDCRNte	0.0
GLYC2P3Pc	0.0
LNLCCRNNAt	-0.002021303123106404
PHLACHt	0.0
TTDCRNNAt	0.0
12HPETATP	0.0
15HPETATP	0.0
15KPROSTGF2t	0.0
21HPRGNLONEt1	0.0
21HPRGNLONEt2	0.0
2OXOADPt	0.0
34HPLte	0.0
3HMPtd	0.0
3HPPNOHGLUCte	0.0
3HPPPNOHc	0.0
3HPPt	0.0
3MHISt1	0.0
3MHISt2	0.0
3MHISt3	0.0
3MOXTYRt	0.0
3UIBtd	0.0
4AABUTNt	0.0
4TMEABUTNt1	0.0
4TMEABUTNt2	0.0
56DTHMt	0.0
56DTHMtd	0.0
56DURAt	0.0
56DURAtd	0.0
5AOPt	0.0
5HPETATP	0.0
5HPETtd	0.0
7DHCHSTEROLt	0.0
7DHCHSTEROLtd	0.0
ABT_Dt	0.0
ABT_Dt2	0.0
ABTD1	0.0
ACGLUtd	0.0
ACGLYtc	0.0
ACGLYte	0.0
ACLYSt	0.0
ACLYStm	0.0
ACORNt	0.0
ACTHRtc	0.0
ACTHRte	0.0
ADPACtd	0.0
ADPOHt	0.0
ALLTNt	0.0
AMETt	0.0
AND19ONEt	0.0
BILIVERDt	0.0
C02356t	0.0
C02712te	0.0
C02712tm	0.0
C03990ATP	0.0
C03990t	34.72254553156937
C03990tr	0.0
C03990tx	0.0
C04483t1	0.0
C04483t2	0.0
C04717ATP	0.0
C04717td	0.0
C04805ATP	0.0
C04805td	0.0
C05463t1	0.0
C05463t2	0.0
C05953t	0.0
C05953tm	0.0
C05953tr	0.0
C05957t	0.0
C05957td	0.0
C06314t	0.0
C06315t	0.0
C06439t	0.0
C06439tn	0.0
C11695td	0.0
C14768ATP	0.0
C14768td	0.0
C14769td1	0.0
C14769td2	0.0
EX_C14769[e]	0.0
C14770ATP	0.0
C14771ATP	0.0
C14825ATP	0.0
C14825td	0.0
C14826ATP	0.0
C14826td	0.0
CE0955te	0.0
CE0955tr	0.0
CE1243ATP	0.0
CE1273t1	0.0
CE1273t2	0.0
CE1297t	0.0
CE1297td	0.0
CE1554t	0.0
CE1556td	0.0
CE2028t	0.0
CE2176t	0.0
CE2445t	0.0
CE2516t	0.0
CE2537ATP	0.0
CE4843t	0.0
CE4843td	0.0
CE5304t	0.0
CE6031t	0.0
CE6247t	0.0
CE7082ATP	0.0
CE7083t	0.0
CE7172ATP	0.0
CORTSNt	0.0
CORTSNti	0.0
DODECANACt	0.0
DODECANACtd	0.0
ELAIDCRNtd	0.0
EX_12HPET[e]	0.0
EX_15HPET[e]	0.0
EX_15kprostgf2[e]	0.0
EX_21hprgnlone[e]	0.0
EX_2oxoadp[e]	0.0
EX_34hpl[e]	0.0
EX_3hmp[e]	0.0
EX_3hpp[e]	0.0
EX_3hpppnohgluc[e]	0.0
EX_3mhis[e]	0.0
EX_3uib[e]	0.0
EX_4aabutn[e]	0.0
EX_4tmeabutn[e]	0.0
EX_56dthm[e]	0.0
EX_56dura[e]	0.0
EX_5HPET[e]	0.0
EX_7dhchsterol[e]	0.0
EX_acgly[e]	0.0
EX_aclys[e]	0.0
EX_acorn[e]	0.0
EX_acthr_L[e]	0.0
EX_adpac[e]	0.0
EX_adpoh[e]	0.0
EX_amet[e]	0.0
EX_and19one[e]	0.0
EX_aracheth[e]	0.0
EX_biliverd[e]	0.0
EX_C02356[e]	0.0
EX_C02712[e]	0.0
EX_C04717[e]	0.0
EX_C04805[e]	0.0
EX_C05957[e]	0.0
EX_C06314[e]	0.0
EX_C06315[e]	0.0
EX_C11695[e]	0.0
EX_C14768[e]	0.0
EX_C14770[e]	0.0
EX_C14771[e]	0.0
EX_C14825[e]	0.0
EX_C14826[e]	0.0
EX_CE0955[e]	0.0
EX_CE1273[e]	0.0
EX_CE1297[e]	0.0
EX_CE1554[e]	0.0
EX_CE1557[e]	0.0
EX_CE2028[e]	0.0
EX_CE2176[e]	0.0
EX_CE2445[e]	0.0
EX_CE2537[e]	0.0
EX_CE4843[e]	0.0
EX_CE5304[e]	0.0
EX_CE6031[e]	0.0
EX_CE6247[e]	0.0
EX_CE7082[e]	0.0
EX_CE7083[e]	0.0
EX_CE7172[e]	0.0
EX_cortsn[e]	0.0
EX_didecaeth[e]	0.0
EX_diholineth[e]	0.0
EX_docohxeth[e]	0.0
EX_docteteth[e]	0.0
EX_dodecanac[e]	0.0
EX_elaidcrn[e]	0.0
EX_forglu[e]	0.0
EX_HC00900[e]	0.0
EX_hepdeceth[e]	0.0
EX_hexdeceeth[e]	0.0
EX_hexdiac[e]	0.0
EX_hgentis[e]	0.0
EX_hmcarn[e]	0.0
EX_hmcr[e]	0.0
EX_hxcoa[e]	-0.21378173302106518
EX_leuktrB4wcooh[e]	0.0
EX_leuktrB4woh[e]	0.0
EX_lineth[e]	0.0
EX_lnlccrn[e]	-0.002021303123106404
EX_Lpipecol[e]	0.0
EX_lthstrl[e]	0.0
EX_magarachi_hs[e]	0.0
EX_maglinl_hs[e]	0.0
EX_magole_hs[e]	0.0
EX_magpalm_hs[e]	0.0
EX_magste_hs[e]	0.0
EX_mev_R[e]	0.0
EX_mi1p_D[e]	0.0
EX_Nacasp[e]	0.0
EX_nwharg[e]	0.0
EX_oleth[e]	0.0
EX_pailar_hs[e]	0.0
EX_pailpalm_hs[e]	0.0
EX_pailste_hs[e]	0.0
EX_pchol2linl_hs[e]	0.0
EX_pchol2ole_hs[e]	0.0
EX_pchol2palm_hs[e]	0.0
EX_pchol2ste_hs[e]	0.0
EX_pcholar_hs[e]	0.0
EX_pcholdoc_hs[e]	0.0
EX_pcholeic_hs[e]	0.0
EX_pcholet_hs[e]	0.0
EX_pcholhep_hs[e]	0.0
EX_pchollinl_hs[e]	0.0
EX_pcholmyr_hs[e]	0.0
EX_pcholn15_hs[e]	0.0
EX_pcholn183_hs[e]	0.0
EX_pcholn1836_hs[e]	0.0
EX_pcholn19_hs[e]	0.0
EX_pcholn201_hs[e]	0.0
EX_pcholn203_hs[e]	0.0
EX_pcholn204_hs[e]	0.0
EX_pcholn205_hs[e]	0.0
EX_pcholn224_hs[e]	0.0
EX_pcholn225_hs[e]	0.0
EX_pcholn2254_hs[e]	0.0
EX_pcholn226_hs[e]	0.0
EX_pcholn24_hs[e]	0.0
EX_pcholn261_hs[e]	0.0
EX_pcholn28_hs[e]	0.0
EX_pcholn281_hs[e]	0.0
EX_pcholole_hs[e]	0.0
EX_pcholpalm_hs[e]	0.0
EX_pcholpalme_hs[e]	0.0
EX_pcholste_hs[e]	0.0
EX_pcollg5hlys[e]	0.0
EX_pe12_hs[e]	0.0
EX_pe13_hs[e]	0.0
EX_pe14_hs[e]	0.0
EX_pe15_hs[e]	0.0
EX_pe161_hs[e]	0.0
EX_pe17_hs[e]	0.0
EX_pe203_hs[e]	0.0
EX_pe224_hs[e]	0.0
EX_pe226_hs[e]	0.0
EX_pe2linl_hs[e]	0.0
EX_pear_hs[e]	0.0
EX_pedh203_hs[e]	0.0
EX_pelinl_hs[e]	0.0
EX_pendecaeth[e]	0.0
EX_peole_hs[e]	0.0
EX_pepalm_hs[e]	0.0
EX_peste_hs[e]	0.0
EX_pmeth[e]	0.0
EX_saccrp_L[e]	0.0
EX_sebacid[e]	0.0
EX_sphmyln180241_hs[e]	0.0
EX_sphmyln18114_hs[e]	0.0
EX_sphmyln18115_hs[e]	0.0
EX_sphmyln18116_hs[e]	0.0
EX_sphmyln181161_hs[e]	0.0
EX_sphmyln18117_hs[e]	0.0
EX_sphmyln18118_hs[e]	0.0
EX_sphmyln181181_hs[e]	0.0
EX_sphmyln18120_hs[e]	0.0
EX_sphmyln181201_hs[e]	0.0
EX_sphmyln18121_hs[e]	0.0
EX_sphmyln18122_hs[e]	0.0
EX_sphmyln181221_hs[e]	0.0
EX_sphmyln18123_hs[e]	0.0
EX_sphmyln1824_hs[e]	0.0
EX_sphmyln1825_hs[e]	0.0
EX_steeth[e]	0.0
EX_subeac[e]	0.0
EX_tetdeca511ac[e]	0.0
EX_tetdecaeth[e]	0.0
EX_thrnt[e]	0.0
EX_tmlys[e]	0.0
EX_trideceth[e]	0.0
EX_ttdcrn[e]	0.0
EX_txb2[e]	0.0
EX_urcan[e]	0.0
EX_wharachd[e]	0.0
EX_xolest181_hs[e]	0.0
EX_xolest182_hs[e]	0.0
EX_xolest183_hs[e]	0.0
EX_xolest204_hs[e]	0.0
EX_xolest205_hs[e]	0.0
EX_xolest226_hs[e]	0.0
FORGLUt	0.0
GALTt	0.0
GLYACm	0.0
LYSACm	0.0
GLYC2Pte	0.0
GLYCLTtd	0.0
HC00319t1	0.0
HC00319t2	0.0
HC00900t1	0.0
HC00900t2	0.0
HC00900t3	0.0
HC00900t4	0.0
HC02149td	0.0
HEXDIACATP	0.0
HEXDIACtd	0.0
HGENTISt	0.0
HMCARNt	0.0
HMCRNt	0.0
HPPPNte	0.0
HXCOAm	0.0
HXCOAte	-0.21378173302106518
HXCOAtx	0.0
HXCOAx	0.0
IND3ACt	0.0
LCYSTt	0.0
LEUKTRB4WCOOHt	0.0
LEUKTRB4WOHt	0.0
LEUKTRB4WOHtr	0.0
LNLCCRNtd	0.0
LPIPECOLt	0.0
LPIPECOLtx	0.0
LTHSTRLABCt	0.0
LTHSTRLt	0.0
MEV_Rt	0.0
MI1Pt	0.0
NACASPt	0.0
NWHARGtd	0.0
OAAt	0.0
pac	0.0
PCOLLG5HLYStd	0.0
PROSTGI2c	0.0
PSERtr	-0.022646370023419207
SACCRP_Lte	0.0
SACCRP_Ltm	0.0
SEBACIDtd	0.0
SUBEACtd	0.0
TETDECA511ACt	0.0
TETDECA511ACtd	0.0
THRACm	0.0
THRNTt	0.0
TMLYStd	0.0
TXB2c	0.0
TXB2t	0.0
URCANt	0.0
WHARACHDt	0.0
WHARACHDtd	0.0
WHARACHDtr	0.0
ACILEm	0.0
ACILEtm	0.0
ACILEte	0.0
EX_acile_L[e]	0.0
ACLEUm	0.0
ACLEUtm	0.0
ACLEUte	0.0
EX_acleu_L[e]	0.0
ACHOMtm	0.0
ACHOMte	0.0
EX_achom_L[e]	0.0
PHACGLYt	0.0
EX_phacgly[e]	0.0
ESTRIOLATP	0.0
EX_3hpppn[e]	0.0
EX_3moxtyr[e]	0.0
EX_5aop[e]	0.0
EX_abt_D[e]	0.0
EX_acglu[e]	0.0
EX_alltn[e]	0.0
EX_CE2510[e]	0.0
EX_CE2516[e]	0.0
EX_ddca[e]	0.0
EX_glyc2p[e]	0.0
EX_glyclt[e]	0.0
EX_Lcyst[e]	0.0
EX_oaa[e]	0.0
EX_pac[e]	0.0
EX_phlac[e]	0.0
EX_pser_L[e]	-0.022646370023419207
EX_ttdcea[e]	0.0
3HPPPNOHGLUCc	0.0
ACHOMm	0.0
HC02195c	0.0
HC02196c	0.0
HC02220c	0.0
7KLITCHOLc	0.0
HC02194c	0.0
URSCHOLCOAc	0.0
HC02195te	0.0
HC02196te	0.0
HC02194te	0.0
HC02220te	0.0
XOL27OHtmc	0.0
ALPA_HStc	0.0
BZCOAFm	0.0
BGLYFm	0.0
GLYNATm	0.0
PCSF	0.0
INDOXYLF	0.0
INDSF	0.0
INDOLEup	0.0
INDSt	0.0
PCRESOLup	0.0
PCSsec	0.0
PCSup	0.0
3HCINNMup	0.0
3HCINNMsec	0.0
3HPPAup	0.0
3HPPAsec	0.0
EX_3hcinnm[e]	0.0
EX_3hppa[e]	0.0
EX_bgly[e]	0.0
EX_bz[e]	0.0
EX_pcresol[e]	0.0
EX_pcs[e]	0.0
EX_inds[e]	0.0
NORMETEt	0.0
MEPIt	0.0
TREt	0.0
C05300t	0.0
RETINALt	0.0
MALTTTRt	0.0
LEULEUt	0.0
GLYPROt	0.0
PROGLyt	0.0
DHBPTt	0.0
THBPTt	-0.0007756440281030444
EX_normete_L[e]	0.0
EX_C05300[e]	0.0
EX_retinal[e]	0.0
EX_maltttr[e]	0.0
EX_progly[e]	0.0
EX_dhbpt[e]	0.0
EX_thbpt[e]	-0.0007756440281030444
EX_alaargcys[e]	0.0
EX_alaarggly[e]	0.0
EX_alaasnleu[e]	0.0
EX_alaglylys[e]	0.0
EX_alahisala[e]	0.0
EX_alalysthr[e]	0.0
EX_argalaala[e]	0.0
EX_argalaphe[e]	0.0
EX_argalathr[e]	0.0
EX_argarg[e]	0.0
EX_argarglys[e]	0.0
EX_argargmet[e]	0.0
EX_argcysgly[e]	0.0
EX_argcysser[e]	0.0
EX_arggluglu[e]	0.0
EX_argglupro[e]	0.0
EX_argglygly[e]	0.0
EX_arghisthr[e]	0.0
EX_argleuphe[e]	0.0
EX_arglysasp[e]	0.0
EX_argphearg[e]	0.0
EX_argpromet[e]	0.0
EX_argprothr[e]	0.0
EX_argserser[e]	0.0
EX_argtyrval[e]	0.0
EX_argvalcys[e]	0.0
EX_argvaltrp[e]	0.0
EX_asnasnarg[e]	0.0
EX_asncyscys[e]	0.0
EX_asnmetpro[e]	0.0
EX_asnpheasp[e]	0.0
EX_asnphecys[e]	0.0
EX_asntyrgly[e]	0.0
EX_asntyrphe[e]	0.0
EX_asntyrthr[e]	0.0
EX_aspalaarg[e]	0.0
EX_aspasnglu[e]	0.0
EX_aspglu[e]	0.0
EX_aspglupro[e]	0.0
EX_aspglutrp[e]	0.0
EX_asphiscys[e]	0.0
EX_asphispro[e]	0.0
EX_asplysglu[e]	0.0
EX_asplyshis[e]	0.0
EX_aspmetasp[e]	-2.253516627634659
EX_aspprolys[e]	0.0
EX_aspvalasn[e]	0.0
EX_cysasnmet[e]	0.0
EX_cysaspphe[e]	0.0
EX_cyscys[e]	0.0
EX_cysglnmet[e]	0.0
EX_cysgluhis[e]	0.0
EX_cysglutrp[e]	0.0
EX_cysleuthr[e]	0.0
EX_cyssermet[e]	0.0
EX_cystyrasn[e]	0.0
EX_glnasngln[e]	0.0
EX_glnhishis[e]	0.0
EX_glnhislys[e]	0.0
EX_glnlyslys[e]	0.0
EX_glnlystrp[e]	0.0
EX_glnproglu[e]	0.0
EX_glntrpglu[e]	0.0
EX_glntyrleu[e]	0.0
EX_gluargleu[e]	0.0
EX_gluasnleu[e]	0.0
EX_gluglu[e]	0.0
EX_gluilelys[e]	0.0
EX_gluleu[e]	0.0
EX_glumet[e]	0.0
EX_glumethis[e]	0.0
EX_gluthr[e]	0.0
EX_gluthrlys[e]	0.0
EX_glutrpala[e]	0.0
EX_glyhisasn[e]	0.0
EX_glyhislys[e]	0.0
EX_glylyscys[e]	0.0
EX_glylysphe[e]	0.0
EX_glytyrlys[e]	0.0
EX_glyvalhis[e]	0.0
EX_hisargcys[e]	0.0
EX_hisargser[e]	0.0
EX_hisasp[e]	0.0
EX_hiscyscys[e]	0.0
EX_hisglnala[e]	0.0
EX_hisglu[e]	0.0
EX_hisglugln[e]	0.0
EX_hisglylys[e]	0.0
EX_hishislys[e]	0.0
EX_hislysala[e]	0.0
EX_hislysglu[e]	0.0
EX_hislysile[e]	0.0
EX_hislysthr[e]	0.0
EX_hislysval[e]	0.0
EX_hismet[e]	0.0
EX_hismetgln[e]	0.0
EX_hisphearg[e]	0.0
EX_hisprolys[e]	0.0
EX_histrphis[e]	0.0
EX_ileargile[e]	0.0
EX_ileasnhis[e]	0.0
EX_ileasp[e]	0.0
EX_ileglnglu[e]	0.0
EX_ileglyarg[e]	0.0
EX_ileprolys[e]	-1.4845986370488946
EX_ileserarg[e]	0.0
EX_iletrptyr[e]	0.0
EX_leualaarg[e]	0.0
EX_leuasnasp[e]	0.0
EX_leuasplys[e]	0.0
EX_leuleutrp[e]	0.0
EX_leupro[e]	0.0
EX_leuproarg[e]	0.0
EX_leusertrp[e]	0.0
EX_leutrp[e]	0.0
EX_leutrparg[e]	0.0
EX_leutyrtyr[e]	-0.25202529274004637
EX_leuval[e]	0.0
EX_lysargleu[e]	-5.133587822014051
EX_lyscyshis[e]	0.0
EX_lysglnphe[e]	0.0
EX_lysgluglu[e]	0.0
EX_lyslyslys[e]	0.0
EX_lyspheile[e]	0.0
EX_lystrparg[e]	0.0
EX_lystyrile[e]	-0.5973076861361184
EX_lysvalphe[e]	0.0
EX_lysvaltrp[e]	0.0
EX_metargleu[e]	0.0
EX_metasntyr[e]	0.0
EX_metglntyr[e]	0.0
EX_metglyarg[e]	0.0
EX_methislys[e]	0.0
EX_metmetile[e]	0.0
EX_metphearg[e]	0.0
EX_mettrpphe[e]	0.0
EX_pheasnmet[e]	0.0
EX_pheasp[e]	0.0
EX_pheglnphe[e]	0.0
EX_pheleu[e]	0.0
EX_pheleuasp[e]	0.0
EX_pheleuhis[e]	0.0
EX_phelysala[e]	0.0
EX_phelyspro[e]	0.0
EX_phephe[e]	0.0
EX_phepheasn[e]	0.0
EX_phephethr[e]	0.0
EX_pheproarg[e]	0.0
EX_phesertrp[e]	0.0
EX_phethrlys[e]	0.0
EX_phetrpleu[e]	0.0
EX_phetyr[e]	0.0
EX_phetyrgln[e]	0.0
EX_phetyrlys[e]	0.0
EX_proargasp[e]	0.0
EX_proargcys[e]	0.0
EX_proasncys[e]	0.0
EX_procys[e]	0.0
EX_proglnpro[e]	0.0
EX_proglulys[e]	0.0
EX_prohis[e]	0.0
EX_prohistyr[e]	0.0
EX_proleuarg[e]	0.0
EX_prolyspro[e]	0.0
EX_prophe[e]	0.0
EX_proproarg[e]	0.0
EX_propropro[e]	-1.2265723512725384
EX_protrplys[e]	0.0
EX_protrpthr[e]	0.0
EX_provalgln[e]	0.0
EX_serargala[e]	0.0
EX_serargtrp[e]	0.0
EX_sercysarg[e]	0.0
EX_serglyglu[e]	0.0
EX_serlyshis[e]	0.0
EX_serphelys[e]	0.0
EX_sertrphis[e]	0.0
EX_thrargtyr[e]	0.0
EX_thrasntyr[e]	0.0
EX_thrglnglu[e]	0.0
EX_thrglntyr[e]	0.0
EX_thrhishis[e]	0.0
EX_thrilearg[e]	0.0
EX_thrmetarg[e]	0.0
EX_thrphearg[e]	0.0
EX_thrserarg[e]	0.0
EX_thrthrarg[e]	0.0
EX_thrtyrmet[e]	0.0
EX_trpalapro[e]	0.0
EX_trpargala[e]	0.0
EX_trpaspasp[e]	-0.9182655737704903
EX_trpglngln[e]	0.0
EX_trpglugly[e]	0.0
EX_trpgluleu[e]	0.0
EX_trpglupro[e]	0.0
EX_trpglutyr[e]	0.0
EX_trpglyleu[e]	0.0
EX_trpglyphe[e]	0.0
EX_trpglyval[e]	0.0
EX_trphismet[e]	0.0
EX_trpilelys[e]	0.0
EX_trpiletrp[e]	0.0
EX_trpleuval[e]	0.0
EX_trplys[e]	0.0
EX_trpmetarg[e]	0.0
EX_trpmetval[e]	0.0
EX_trpphe[e]	0.0
EX_trpprogly[e]	0.0
EX_trpproleu[e]	0.0
EX_trpproval[e]	0.0
EX_trpsertyr[e]	0.0
EX_trpthrglu[e]	0.0
EX_trpthrile[e]	0.0
EX_trpthrtyr[e]	0.0
EX_trptyrgln[e]	0.0
EX_trptyrtyr[e]	0.0
EX_trpvalasp[e]	0.0
EX_tyrala[e]	0.0
EX_tyralaphe[e]	0.0
EX_tyrargglu[e]	0.0
EX_tyrargser[e]	0.0
EX_tyrasparg[e]	0.0
EX_tyrcysgly[e]	0.0
EX_tyrcysthr[e]	-1.7575578876343743
EX_tyrglu[e]	0.0
EX_tyrleuarg[e]	0.0
EX_tyrphetyr[e]	0.0
EX_tyrthr[e]	0.0
EX_tyrtrpphe[e]	0.0
EX_tyrtyr[e]	0.0
EX_tyrvalmet[e]	0.0
EX_valarggly[e]	0.0
EX_valhisasn[e]	0.0
EX_valleuphe[e]	0.0
EX_vallystyr[e]	0.0
EX_valphearg[e]	0.0
EX_valprotrp[e]	0.0
EX_valserarg[e]	0.0
EX_valtrpphe[e]	0.0
EX_valtrpval[e]	-0.0707929742388762
EX_valval[e]	0.0
EX_trpglyasp[e]	0.0
ALAARGCYSt	0.0
ALAARGGLYt	0.0
ALAASNLEUt	0.0
ALAGLYLYSt	0.0
ALAHISALAt	0.0
ALALYSTHRt	0.0
ARGALAALAt	0.0
ARGALAPHEt	0.0
ARGALATHRt	0.0
ARGARGt	0.0
ARGARGLYSt	0.0
ARGARGMETt	0.0
ARGCYSGLYt	0.0
ARGCYSSERt	0.0
ARGGLUGLUt	0.0
ARGGLUPROt	0.0
ARGGLYGLYt	0.0
ARGHISTHRt	0.0
ARGLEUPHEt	0.0
ARGLYSASPt	0.0
ARGPHEARGt	0.0
ARGPROMETt	0.0
ARGPROTHRt	0.0
ARGSERSERt	0.0
ARGTYRVALt	0.0
ARGVALCYSt	0.0
ARGVALTRPt	0.0
ASNASNARGt	0.0
ASNCYSCYSt	0.0
ASNMETPROt	0.0
ASNPHEASPt	0.0
ASNPHECYSt	0.0
ASNTYRGLYt	0.0
ASNTYRPHEt	0.0
ASNTYRTHRt	0.0
ASPALAARGt	0.0
ASPASNGLUt	0.0
ASPGLUt	0.0
ASPGLUPROt	0.0
ASPGLUTRPt	0.0
ASPHISCYSt	0.0
ASPHISPROt	0.0
ASPLYSGLUt	0.0
ASPLYSHISt	0.0
ASPMETASPt	2.253516627634659
ASPPROLYSt	0.0
ASPVALASNt	0.0
CYSASNMETt	0.0
CYSASPPHEt	0.0
CYSCYSt	0.0
CYSGLNMETt	0.0
CYSGLUHISt	0.0
CYSGLUTRPt	0.0
CYSLEUTHRt	0.0
CYSSERMETt	0.0
CYSTYRASNt	0.0
GLNASNGLNt	0.0
GLNHISHISt	0.0
GLNHISLYSt	0.0
GLNLYSLYSt	0.0
GLNLYSTRPt	0.0
GLNPROGLUt	0.0
GLNTRPGLUt	0.0
GLNTYRLEUt	0.0
GLUARGLEUt	0.0
GLUASNLEUt	0.0
GLUGLUt	0.0
GLUILELYSt	0.0
GLULEUt	0.0
GLUMETt	0.0
GLUMETHISt	0.0
GLUTHRt	0.0
GLUTHRLYSt	0.0
GLUTRPALAt	0.0
GLYHISASNt	0.0
GLYHISLYSt	0.0
GLYLYSCYSt	0.0
GLYLYSPHEt	0.0
GLYTYRLYSt	0.0
GLYVALHISt	0.0
HISARGCYSt	0.0
HISARGSERt	0.0
HISASPt	0.0
HISCYSCYSt	0.0
HISGLNALAt	0.0
HISGLUt	0.0
HISGLUGLNt	0.0
HISGLYLYSt	0.0
HISHISLYSt	0.0
HISLYSALAt	0.0
HISLYSGLUt	0.0
HISLYSILEt	0.0
HISLYSTHRt	0.0
HISLYSVALt	0.0
HISMETt	0.0
HISMETGLNt	0.0
HISPHEARGt	0.0
HISPROLYSt	0.0
HISTRPHISt	0.0
ILEARGILEt	0.0
ILEASNHISt	0.0
ILEASPt	0.0
ILEGLNGLUt	0.0
ILEGLYARGt	0.0
ILEPROLYSt	1.4845986370488946
ILESERARGt	0.0
ILETRPTYRt	0.0
LEUALAARGt	0.0
LEUASNASPt	0.0
LEUASPLYSt	0.0
LEULEUTRPt	0.0
LEUPROt	0.0
LEUPROARGt	0.0
LEUSERTRPt	0.0
LEUTRPt	0.0
LEUTRPARGt	0.0
LEUTYRTYRt	0.25202529274004637
LEUVALt	0.0
LYSARGLEUt	5.133587822014051
LYSCYSHISt	0.0
LYSGLNPHEt	0.0
LYSGLUGLUt	0.0
LYSLYSLYSt	0.0
LYSPHEILEt	0.0
LYSTRPARGt	0.0
LYSTYRILEt	0.5973076861361184
LYSVALPHEt	0.0
LYSVALTRPt	0.0
METARGLEUt	0.0
METASNTYRt	0.0
METGLNTYRt	0.0
METGLYARGt	0.0
METHISLYSt	0.0
METMETILEt	0.0
METPHEARGt	0.0
METTRPPHEt	0.0
PHEASNMETt	0.0
PHEASPt	0.0
PHEGLNPHEt	0.0
PHELEUt	0.0
PHELEUASPt	0.0
PHELEUHISt	0.0
PHELYSALAt	0.0
PHELYSPROt	0.0
PHEPHEt	0.0
PHEPHEASNt	0.0
PHEPHETHRt	0.0
PHEPROARGt	0.0
PHESERTRPt	0.0
PHETHRLYSt	0.0
PHETRPLEUt	0.0
PHETYRt	0.0
PHETYRGLNt	0.0
PHETYRLYSt	0.0
PROARGASPt	0.0
PROARGCYSt	0.0
PROASNCYSt	0.0
PROCYSt	0.0
PROGLNPROt	0.0
PROGLULYSt	0.0
PROHISt	0.0
PROHISTYRt	0.0
PROLEUARGt	0.0
PROLYSPROt	0.0
PROPHEt	0.0
PROPROARGt	0.0
PROPROPROt	1.2265723512725384
PROTRPLYSt	0.0
PROTRPTHRt	0.0
PROVALGLNt	0.0
SERARGALAt	0.0
SERARGTRPt	0.0
SERCYSARGt	0.0
SERGLYGLUt	0.0
SERLYSHISt	0.0
SERPHELYSt	0.0
SERTRPHISt	0.0
THRARGTYRt	0.0
THRASNTYRt	0.0
THRGLNGLUt	0.0
THRGLNTYRt	0.0
THRHISHISt	0.0
THRILEARGt	0.0
THRMETARGt	0.0
THRPHEARGt	0.0
THRSERARGt	0.0
THRTHRARGt	0.0
THRTYRMETt	0.0
TRPALAPROt	0.0
TRPARGALAt	0.0
TRPASPASPt	0.9182655737704903
TRPGLNGLNt	0.0
TRPGLUGLYt	0.0
TRPGLULEUt	0.0
TRPGLUPROt	0.0
TRPGLUTYRt	0.0
TRPGLYLEUt	0.0
TRPGLYPHEt	0.0
TRPGLYVALt	0.0
TRPHISMETt	0.0
TRPILELYSt	0.0
TRPILETRPt	0.0
TRPLEUVALt	0.0
TRPLYSt	0.0
TRPMETARGt	0.0
TRPMETVALt	0.0
TRPPHEt	0.0
TRPPROGLYt	0.0
TRPPROLEUt	0.0
TRPPROVALt	0.0
TRPSERTYRt	0.0
TRPTHRGLUt	0.0
TRPTHRILEt	0.0
TRPTHRTYRt	0.0
TRPTYRGLNt	0.0
TRPTYRTYRt	0.0
TRPVALASPt	0.0
TYRALAt	0.0
TYRALAPHEt	0.0
TYRARGGLUt	0.0
TYRARGSERt	0.0
TYRASPARGt	0.0
TYRCYSGLYt	0.0
TYRCYSTHRt	1.7575578876343743
TYRGLUt	0.0
TYRLEUARGt	0.0
TYRPHETYRt	0.0
TYRTHRt	0.0
TYRTRPPHEt	0.0
TYRTYRt	0.0
TYRVALMETt	0.0
VALARGGLYt	0.0
VALHISASNt	0.0
VALLEUPHEt	0.0
VALLYSTYRt	0.0
VALPHEARGt	0.0
VALPROTRPt	0.0
VALSERARGt	0.0
VALTRPPHEt	0.0
VALTRPVALt	0.0707929742388762
VALVALt	0.0
TRPGLYASPt	0.0
ALAARGCYSr	0.0
ALAARGGLYr	0.0
ALAASNLEUr	0.0
ALAGLYLYSr	0.0
ALAHISALAr	0.0
ALALYSTHRr	0.0
ARGALAALAr	0.0
ARGALAPHEr	0.0
ARGALATHRr	0.0
ARGARGr	0.0
ARGARGLYSr	0.0
ARGARGMETr	0.0
ARGCYSGLYr	0.0
ARGCYSSERr	0.0
ARGGLUGLUr	0.0
ARGGLUPROr	0.0
ARGGLYGLYr	0.0
ARGHISTHRr	0.0
ARGLEUPHEr	0.0
ARGLYSASPr	0.0
ARGPHEARGr	0.0
ARGPROMETr	0.0
ARGPROTHRr	0.0
ARGSERSERr	0.0
ARGTYRVALr	0.0
ARGVALCYSr	0.0
ARGVALTRPr	0.0
ASNASNARGr	0.0
ASNCYSCYSr	0.0
ASNMETPROr	0.0
ASNPHEASPr	0.0
ASNPHECYSr	0.0
ASNTYRGLYr	0.0
ASNTYRPHEr	0.0
ASNTYRTHRr	0.0
ASPALAARGr	0.0
ASPASNGLUr	0.0
ASPGLUr	0.0
ASPGLUPROr	0.0
ASPGLUTRPr	0.0
ASPHISCYSr	0.0
ASPHISPROr	0.0
ASPLYSGLUr	0.0
ASPLYSHISr	0.0
ASPMETASPr	2.253516627634659
ASPPROLYSr	0.0
ASPVALASNr	0.0
CYSASNMETr	0.0
CYSASPPHEr	0.0
CYSCYSr	0.0
CYSGLNMETr	0.0
CYSGLUHISr	0.0
CYSGLUTRPr	0.0
CYSLEUTHRr	0.0
CYSSERMETr	0.0
CYSTYRASNr	0.0
GLNASNGLNr	0.0
GLNHISHISr	0.0
GLNHISLYSr	0.0
GLNLYSLYSr	0.0
GLNLYSTRPr	0.0
GLNPROGLUr	0.0
GLNTRPGLUr	0.0
GLNTYRLEUr	0.0
GLUARGLEUr	0.0
GLUASNLEUr	0.0
GLUGLUr	0.0
GLUILELYSr	0.0
GLULEUr	0.0
GLUMETr	0.0
GLUMETHISr	0.0
GLUTHRr	0.0
GLUTHRLYSr	0.0
GLUTRPALAr	0.0
GLYHISASNr	0.0
GLYHISLYSr	0.0
GLYLYSCYSr	0.0
GLYLYSPHEr	0.0
GLYTYRLYSr	0.0
GLYVALHISr	0.0
HISARGCYSr	0.0
HISARGSERr	0.0
HISASPr	0.0
HISCYSCYSr	0.0
HISGLNALAr	0.0
HISGLUr	0.0
HISGLUGLNr	0.0
HISGLYLYSr	0.0
HISHISLYSr	0.0
HISLYSALAr	0.0
HISLYSGLUr	0.0
HISLYSILEr	0.0
HISLYSTHRr	0.0
HISLYSVALr	0.0
HISMETr	0.0
HISMETGLNr	0.0
HISPHEARGr	0.0
HISPROLYSr	0.0
HISTRPHISr	0.0
ILEARGILEr	0.0
ILEASNHISr	0.0
ILEASPr	0.0
ILEGLNGLUr	0.0
ILEGLYARGr	0.0
ILEPROLYSr	1.4845986370488946
ILESERARGr	0.0
ILETRPTYRr	0.0
LEUALAARGr	0.0
LEUASNASPr	0.0
LEUASPLYSr	0.0
LEULEUTRPr	0.0
LEUPROr	0.0
LEUPROARGr	0.0
LEUSERTRPr	0.0
LEUTRPr	0.0
LEUTRPARGr	0.0
LEUTYRTYRr	0.25202529274004637
LEUVALr	0.0
LYSARGLEUr	5.133587822014051
LYSCYSHISr	0.0
LYSGLNPHEr	0.0
LYSGLUGLUr	0.0
LYSLYSLYSr	0.0
LYSPHEILEr	0.0
LYSTRPARGr	0.0
LYSTYRILEr	0.5973076861361184
LYSVALPHEr	0.0
LYSVALTRPr	0.0
METARGLEUr	0.0
METASNTYRr	0.0
METGLNTYRr	0.0
METGLYARGr	0.0
METHISLYSr	0.0
METMETILEr	0.0
METPHEARGr	0.0
METTRPPHEr	1.1102230246251565e-15
PHEASNMETr	0.0
PHEASPr	0.0
PHEGLNPHEr	0.0
PHELEUr	0.0
PHELEUASPr	0.0
PHELEUHISr	0.0
PHELYSALAr	0.0
PHELYSPROr	0.0
PHEPHEr	0.0
PHEPHEASNr	0.0
PHEPHETHRr	0.0
PHEPROARGr	0.0
PHESERTRPr	0.0
PHETHRLYSr	0.0
PHETRPLEUr	0.0
PHETYRr	0.0
PHETYRGLNr	0.0
PHETYRLYSr	0.0
PROARGASPr	0.0
PROARGCYSr	0.0
PROASNCYSr	0.0
PROCYSr	0.0
PROGLNPROr	0.0
PROGLULYSr	0.0
PROHISr	0.0
PROHISTYRr	0.0
PROLEUARGr	0.0
PROLYSPROr	0.0
PROPHEr	0.0
PROPROARGr	0.0
PROPROPROr	1.2265723512725384
PROTRPLYSr	0.0
PROTRPTHRr	0.0
PROVALGLNr	0.0
SERARGALAr	0.0
SERARGTRPr	0.0
SERCYSARGr	0.0
SERGLYGLUr	0.0
SERLYSHISr	0.0
SERPHELYSr	0.0
SERTRPHISr	0.0
THRARGTYRr	0.0
THRASNTYRr	0.0
THRGLNGLUr	0.0
THRGLNTYRr	0.0
THRHISHISr	0.0
THRILEARGr	0.0
THRMETARGr	0.0
THRPHEARGr	0.0
THRSERARGr	0.0
THRTHRARGr	0.0
THRTYRMETr	0.0
TRPALAPROr	0.0
TRPARGALAr	0.0
TRPASPASPr	0.9182655737704903
TRPGLNGLNr	0.0
TRPGLUGLYr	0.0
TRPGLULEUr	0.0
TRPGLUPROr	0.0
TRPGLUTYRr	0.0
TRPGLYLEUr	0.0
TRPGLYPHEr	0.0
TRPGLYVALr	0.0
TRPHISMETr	0.0
TRPILELYSr	0.0
TRPILETRPr	0.0
TRPLEUVALr	0.0
TRPLYSr	0.0
TRPMETARGr	0.0
TRPMETVALr	0.0
TRPPHEr	0.0
TRPPROGLYr	0.0
TRPPROLEUr	0.0
TRPPROVALr	0.0
TRPSERTYRr	0.0
TRPTHRGLUr	0.0
TRPTHRILEr	0.0
TRPTHRTYRr	0.0
TRPTYRGLNr	0.0
TRPTYRTYRr	0.0
TRPVALASPr	0.0
TYRALAr	0.0
TYRALAPHEr	0.0
TYRARGGLUr	0.0
TYRARGSERr	0.0
TYRASPARGr	0.0
TYRCYSGLYr	0.0
TYRCYSTHRr	1.7575578876343743
TYRGLUr	0.0
TYRLEUARGr	0.0
TYRPHETYRr	0.0
TYRTHRr	0.0
TYRTRPPHEr	0.0
TYRTYRr	0.0
TYRVALMETr	0.0
VALARGGLYr	0.0
VALHISASNr	0.0
VALLEUPHEr	0.0
VALLYSTYRr	0.0
VALPHEARGr	0.0
VALPROTRPr	0.0
VALSERARGr	0.0
VALTRPPHEr	0.0
VALTRPVALr	0.0707929742388762
VALVALr	0.0
TRPGLYASPr	0.0
HOMOVALte	0.0
TYMc	0.0
DOPAc	0.0
PCHOL2PALM_HSte	0.0
XOLEST183te	0.0
XOLEST182_HSte	0.0
XOLEST181_HSte	0.0
XOLEST205_HSte	0.0
XOLEST204_HSte	0.0
XOLEST226_HSte	0.0
PE224_HSte	0.0
PCHOLN261_HSte	0.0
PCHOLN281_HSte	0.0
PCHOLN28_HSte	0.0
3BCRNtr	0.0
3DDCRNtr	0.0
3DECCRNtr	0.0
3HDECECRNtr	0.0
3HEXDCRNtr	0.0
3IVCRNtr	0.0
3OCTDEC2CRNtr	0.0
3OCTDECCRNtr	0.0
3OCTDECE1CRNtr	0.0
3TDCRNtr	0.0
3TETD7ECOACRNtr	0.0
3THEXDDCOACRNtr	0.0
3TTETDDCOACRNtr	0.0
ACRNtr	0.0
C101CRNtr	0.0
C10CRNtr	0.0
C10DCtr	0.0
C12DCtr	0.0
C16DCtr	0.0
C3DCtr	0.0
C4CRNtr	0.0
C4DCtr	0.0
C51CRNtr	0.0
C5DCtr	0.0
C6CRNtr	0.0
C6DCtr	0.0
C81CRNtr	0.0
C8CRNtr	0.0
C8DCtr	0.0
DDECCRNtr	0.0
DDECE1CRNtr	0.0
DECDICRNtr	0.0
ELAIDCRNtr	0.0
HDCECRNtr	0.0
IVCRNtr	0.0
LNELDCCRNtr	0.0
LNLCCRNtr	0.0
ODECRNtr	0.0
PCRNtr	-0.0012456590950033599
PMTCRNtr	0.0
STCRNtr	0.0
TETDEC2CRntr	0.0
TETDECE1CRNtr	0.0
TTDCRNtr	0.0
EX_sphmyln_hs[e]	0.0
XOLEST183tl	0.0
XOLEST182tl	0.0
XOLEST181tl	0.0
XOLEST205tl	0.0
XOLEST204tl	0.0
XOLEST226tl	0.0
BGLYtm	0.0
PHEACGLYtm	0.0
HXAt1	0.0
HXAt2	0.0
HXAt3	-65.99575859856283
EX_hxa[e]	-65.99575859856283
TTDCEAc	0.0
PACCOALm	0.0
PACALDtm	0.0
BZtm	0.0
GNCORE1te	0.0
LHCYSTIN	0.0
LHCYSTINt	0.0
EX_Lhcystin[e]	0.0
PA_HStm	0.0
r2514e	0.0
r2514m	0.0
FAS180	0.0
3MOXTYRESSte	0.0
5AOPt2	0.0
ACNAMt2	0.0
BANDMT	0.0
C181CPT2rbc	0.0
CA2t	0.0
GTHOXti2	0.0
HCYSte	0.0
NORMETEVESSte	0.0
OROte	0.0
PPPGOc	0.0
SPRMt2r	0.0
The	0.0
THMMPtrbc	0.0
THMtrbc	0.0
UGT1A10c	0.0
ACGALtr	0.0
ACNAMtr	0.0
CORE4t	0.0
CORE5t	0.0
CORE7t	0.0
CORE8t	0.0
DST_ANTIGENt	0.0
GALAMtr	0.0
MK10t	0.0
MK11t	0.0
MK7t	0.0
MK9t	0.0
S2L2N2M2Mt	0.0
STN_ANTIGENt	0.0
EX_core4[e]	0.0
EX_f1a[e]	0.0
EX_galam[e]	0.0
EX_gncore1[e]	0.0
EX_mqn10[e]	0.0
EX_mqn11[e]	0.0
EX_mqn7[e]	0.0
EX_mqn9[e]	0.0
EX_s2l2n2m2m[e]	0.0
EX_lpam[e]	0.0
LPAMt	0.0
EX_acgal[e]	0.0
EX_acnam[e]	0.0
EX_pcreat[e]	0.0
EX_HC00342[e]	0.0
EX_C08261[e]	0.0
EX_pa_hs[e]	0.0
EX_CE2934[e]	0.0
F1Ate	0.0
F1Ate2	0.0
GNCORE1t	0.0
34HPLtm	0.0
3HMPtm	0.0
3HPPtm	0.0
ACGLUtm	0.0
LPAMtm	0.0
r2535m	0.0
PGP_hs_tm	0.0
CE2934t	0.0
C02592tx	0.0
PROSTGE2t2r	0.0
PROSTGE2t2m	0.0
ESTRr	0.0
ESTR2r	0.0
LTHSTRLtr	0.0
PGLYCtm	-0.08495737704918033
DXTRNt	0.0
EX_dxtrn[e]	0.0
DHCHOLESTANATEATP	0.0
DHCHOLESTANATEt	0.0
EX_dhcholestanate[e]	0.0
THCHOLSTOICATP	0.0
THCHOLSTOICt	0.0
EX_thcholstoic[e]	0.0
XOL7AH3ATP	0.0
XOL7AH3t	0.0
EX_xol7ah3[e]	0.0
XOL7AONEATP	0.0
XOL7AONEt	0.0
EX_xol7aone[e]	0.0
XOLDIOLONEATP	0.0
EX_xoldiolone[e]	0.0
7KILTCHOLATP	0.0
7KILTCHOLt	0.0
EX_7klitchol[e]	0.0
EX_2obut[e]	0.0
EX_glutar[e]	0.0
EX_glcn[e]	0.0
ACCOAL	0.0
ADNCNT3tc	0.0
BUTt2r	-0.0007733957845433261
CYTDt2r	0.0
DUTPDP	0.0
EHGLAT	0.0
EX_fum[e]	-0.025363934426229508
EX_glyleu[e]	0.0
EX_glyphe[e]	0.0
EX_glypro[e]	0.0
EX_mal_L[e]	-0.07337423887587821
EX_ppi[e]	0.0
FCLTc	0.0
FERO	5.551115123125783e-17
FRTT	0.0
FT	0.0
GALt2_2	0.0
GLYLEUHYDROc	0.0
GLYLEUPEPT1tc	0.0
GLYPHEHYc	0.0
GLYPROPRO1c	0.0
INSt2	0.0
PPNCL3	0.0
THMDt2r	0.0
URIt2r	0.0
EX_ind3ac[e]	0.0
EX_nh4[e]	0.0
CITL	0.0
EX_galt[e]	0.0
EX_glcr[e]	0.0
EX_glcur[e]	0.0
EX_malthx[e]	0.0
EX_ptrc[e]	0.0
EX_spmd[e]	0.0
EX_xan[e]	0.0
MICITDr	0.0
OAADC	0.0
EX_4hbz[e]	0.0
EX_34dhpha[e]	0.0
THMt3	0.0007756440281030444
EX_mqn8[e]	0.0
MK8t	0.0
EX_indole[e]	0.0
EX_ch4s[e]	0.0
EX_phpyr[e]	0.0
EX_tym[e]	0.0
EX_2hyoxplac[e]	0.0
EX_lanost[e]	0.0
PHPYRte	0.0
PHPYRtm	0.0
3MOX4HOXMtm	0.0
3MOX4HOXMte	0.0
EX_3mox4hoxm[e]	0.0
GLXte	0.0
EX_glx[e]	0.0
CE4970tm	0.0
CE4970te	0.0
EX_CE4970[e]	0.0
CE2026tm	0.0
CE2026te	0.0
EX_CE2026[e]	0.0
CE4968tm	0.0
CE4968te	0.0
EX_CE4968[e]	0.0
ACTYRm	0.0
ACTYRtc	0.0
ACTYRte	0.0
EX_actyr[e]	0.0
SUCACETATc	0.0
SUCACETATALTc	0.0
SUCACETOc	0.0
SUCACETOte	0.0
EX_sucaceto[e]	0.0
VANILPYRc	0.0
VANILLACc	0.0
CE2176tm	0.0
NACVANALAm	0.0
NACVANALAtm	0.0
NACVANALAte	0.0
VANILLACte	0.0
EX_vanillac[e]	0.0
EX_nacvanala[e]	0.0
2H3MVc	0.0
2H3MVte	0.0
EX_2h3mv[e]	0.0
2HIVc	0.0
2HIVte	0.0
EX_2hiv[e]	0.0
2M3HBUc	0.0
2M3HBUtm	0.0
2M3HBUte	0.0
EX_2m3hbu[e]	0.0
2M3OVCOAm	0.0
2M3OVACm	0.0
2M3OVACtm	0.0
2M3HVACc	0.0
2M3HVACte	0.0
EX_2m3hvac[e]	0.0
3H3MGLTc	0.0
3H3MGLTte	0.0
EX_3h3mglt[e]	0.0
3MGLUTACc	0.0
3MGLUTACtm	0.0
3MGLUTACte	0.0
EX_3mglutac[e]	0.0
3MGLUTRc	0.0
3MGLUTRte	0.0
EX_3mglutr[e]	0.0
PPIOGLYc	0.0
PPIOGLYtm	0.0
PPIOGLYte	0.0
EX_ppiogly[e]	0.0
MVLACc	-2.168404344971009e-19
MVLACte	-2.168404344971009e-19
EX_mvlac[e]	-2.168404344971009e-19
TIGGLYc	0.0
TIGGLYtm	0.0
TIGGLYte	0.0
EX_tiggly[e]	0.0
TD2GLTRCOAm	0.0
3HGLUTCOAm	0.0
3OHGLUTACm	0.0
3OHGLUTACtm	0.0
3OHGLUTACte	0.0
3OHGLUTACOAT3t	0.0
EX_3ohglutac[e]	0.0
GLUTACOAm	0.0
GLUTCONm	0.0
GLUTCONtm	0.0
GLUTCONte	0.0
EX_glutcon[e]	0.0
3HIVAcm	0.0
3HIVActm	0.0
3HIVActe	0.0
EX_3hivac[e]	0.0
3HADICOAx	0.0
3HADPACx	0.0
3HADPACtxc	0.0
3HADPACte	0.0
EX_3hadpac[e]	0.0
3OHSEBCOAx	0.0
3OHSEBACx	0.0
3OHSEBACtxc	0.0
3OHSEBACte	0.0
EX_3ohsebac[e]	0.0
3OHSUBCOAx	0.0
3OHSUBACx	0.0
3OHSUBACtxc	0.0
3OHSUBACte	0.0
EX_3ohsubac[e]	0.0
CAPROICc	0.0
5OHHEXAc	0.0
5OHHEXAte	0.0
EX_5ohhexa[e]	0.0
7OHOCTAc	0.0
7OHOCTAte	0.0
EX_7ohocata[e]	0.0
ETHMALCOAc	0.0
ETHMALACc	0.0
ETHMALACte	0.0
EX_ethmalac[e]	0.0
HEXGLYc	0.0
HEXGLYte	0.0
EX_hexgly[e]	0.0
METHSUCCOAc	0.0
METHSUCC	0.0
METHSUCCte	0.0
EX_methsucc[e]	0.0
SUBGLYc	0.0
SUBGLYte	0.0
EX_subgly[e]	0.0
4OHBUTm	0.0
4OHBUTtmc	0.0
4OHBUTtce	0.0
EX_4ohbut[e]	0.0
12HPETUPKt	0.0
15HPETUPKt	0.0
3AIBSYMPt	0.0
AK2LGCHOLABCt	0.0
APRGSTRNABCt	0.0
C14770UPKt	0.0
C14771UPKt	0.0
CE1243UPKt	0.0
CE2510ABCt	0.0
CE2537ABCt	0.0
CE7082UPKt	0.0
CE7172UPKt	0.0
NRVNCABCt	0.0
PAFABCt	0.0
PAIL_hs_SECt	0.0
PAILPALM_HSSECt	0.0
PAILR_HSSECt	0.0
PAILSTE_HSSECt	0.0
PCHLN225_HSABCt	0.0
PCHOL2LINL_HSABCt	0.0
PCHOL2OLE_HSABCt	0.0
PCHOL2STE_HSABCt	0.0
PCHOLAR_HSABCt	0.0
PCHOLDOC_HSABCt	0.0
PCHOLEIC_HSABCt	0.0
PCHOLET_HSABCt	0.0
PCHOLHEP_HSABCt	0.0
PCHOLLINL_HSABCt	0.0
PCHOLMYR_HsABCt	0.0
PCHOLN15_HSABCt	0.0
PCHOLN183_HSABCt	0.0
PCHOLN1836_HSABCt	0.0
PCHOLN19_HSABCt	0.0
PCHOLN201_HSABCt	0.0
PCHOLN203_HSABCt	0.0
PCHOLN204_HSABCt	0.0
PCHOLN205_HSABCt	0.0
PCHOLN224_HSABCt	0.0
PCHOLN225_HSABCt	0.0
PCHOLN2254_HSABCt	0.0
PCHOLN264_HSABCt	0.0
PCHOLOLE_HSABCt	0.0
PCHOLPALME-HSABCt	0.0
PCHOLSTE_HSABCt	0.0
PE12_HSABCt	0.0
Pe13_HSABCt	0.0
PE14_HSABCt	0.0
PE15_HSABCt	0.0
PE161_HSABCt	0.0
PE17_HSABCt	0.0
PE203_HSABCt	0.0
PE226_HSABCt	0.0
PE2LINL_HSABCt	0.0
PEAR_HSABCt	0.0
PEDH203_HSABCt	0.0
PELINL_HSABCt	0.0
PELPALM_HSABCt	0.0
PEOLE_HSABCt	0.0
PEPALM_HSASBCt	0.0
PESTE_HSABCt	0.0
SPHMYLN_HsSECt	0.0
SPHMYLN180241_hs_SECt	0.0
SPHMYLN18114_hs_SECt	0.0
SPHMYLN18115_hs_SECt	0.0
SPHMYLN18116_hs_SECt	0.0
SPHMYLN181161_hs_SECt	0.0
SPHMYLN18117_hs_SECt	0.0
SPHMYLN18118_hs_SECt	0.0
SPHMYLN181181_hs_SECt	0.0
SPHMYLN18120_hs_SECt	0.0
SPHMYLN181201_hs_SECt	0.0
SPHMYLN18121_hs_SECt	0.0
SPHMYLN18122_hs_SECt	0.0
SPHMYLN181221_hs_SECt	0.0
SPHMYLN18123_hs_SECt	0.0
SPHMYLN1824_hs_SECt	0.0
SPHMYLN1825_hs_SECt	0.0
3AIBt1	0.0
APRGSTRNt1e	0.0
DIGALSGALSIDEATPte	0.0
PAIL_hs_t1e	0.28678295081967214
PAILR_HSt1e	0.0
PAILPALM_HSt1e	0.0
PAILSTE_HSt1e	0.0
PCHOL2LINL_HSt1e	0.0
PCHOL2OLE_HSt1e	0.0
PCHOL2STE_HSt1e	0.0
PCHOLAR_HSt1e	0.0
PCHOLDOC_HSt1e	0.0
PCHOLEIC_HSt1e	0.0
PCHOLET_HSt1e	0.0
PCHOLHEP_HSt1e	0.0
PCHOLLINL_HSt1e	0.0
PCHOLMYR_Hst1e	0.0
PCHOLN15_HSt1e	0.0
PCHOLN183_HSt1e	0.0
PCHOLN1836_HSt1e	0.0
PCHOLN19_HSt1e	0.0
PCHOLN201_HSt1e	0.0
PCHOLN203_HSt1e	0.0
PCHOLN204_HSt1e	0.0
PCHOLN205_HSt1e	0.0
PCHOLN224_HSt1e	0.0
PCHOLN225_HSt1e	0.0
PCHOLN2254_HSt1e	0.0
PCHLN225_HSt1e	0.0
PCHOLN264_HSt1e	0.0
PCHOLOLE_HSt1e	0.0
PEPALM_HSt1e	0.0
PCHOLPALME-HSt1e	0.0
PCHOLSTE_HSt1e	0.0
PE12_HSt1e	0.0
Pe13_HSt1e	0.0
PE14_HSt1e	0.0
PE15_HSt1e	0.0
PE161_HSt1e	0.0
PE17_HSt1e	0.0
PE203_HSt1e	0.0
PE226_HSt1e	0.0
PE2LINL_HSt1e	0.0
PEAR_HSt1e	0.0
PEDH203_HSt1e	0.0
PELINL_HSt1e	0.0
PEOLE_HSt1e	0.0
PELPALM_HSt1e	0.0
PESTE_HSt1e	0.0
SPHMYLN_HsATPte	0.0
SPHMYLN180241_hs_ATPt	0.0
SPHMYLN180241_hs_t1	0.0
SPHMYLN18114_hs_ATPt	0.0
SPHMYLN18114_hs_t1	0.0
SPHMYLN18115_hs_ATPt	0.0
SPHMYLN18115_hs_t1	0.0
SPHMYLN18116_hs_ATPt	0.0
SPHMYLN18116_hs_t1	0.0
SPHMYLN181161_hs_ATPt	0.0
SPHMYLN181161_hs_t1	0.0
SPHMYLN18117_hs_ATPt	0.0
SPHMYLN18117_hs_t1	0.0
SPHMYLN18118_hs_ATPt	0.0
SPHMYLN18118_hs_t1	0.0
SPHMYLN181181_hs_ATPt	0.0
SPHMYLN181181_hs_t1	0.0
SPHMYLN18120_hs_ATPt	0.0
SPHMYLN18120_hs_t1	0.0
SPHMYLN181201_hs_ATPt	0.0
SPHMYLN181201_hs_t1	0.0
SPHMYLN18121_hs_ATPt	0.0
SPHMYLN18121_hs_t1	0.0
SPHMYLN18122_hs_ATPt	0.0
SPHMYLN18122_hs_t1	0.0
SPHMYLN181221_hs_ATPt	0.0
SPHMYLN181221_hs_t1	0.0
SPHMYLN18123_hs_ATPt	0.0
SPHMYLN18123_hs_t1	0.0
SPHMYLN1824_hs_ATPt	0.0
SPHMYLN1824_hs_t1	0.0
SPHMYLN1825_hs_ATPt	0.0
SPHMYLN1825_hs_t1	0.0
2HXIC_Lt1e	0.0
2HXIC_Lt2e	0.0
EX_2hxic_L[e]	0.0
2HYDOGOAT3t	0.0
EX_2hydog[e]	0.0
2HYDOGte	0.0
GLUTAROAT3t	0.0
GLUTARte	0.0
THEXDDm	0.0
THEXDDtm	0.0
THEXDDte	0.0
EX_thexdd[e]	0.0
HEXDTRm	0.0
HEXDTRtm	0.0
HEXDTRte	0.0
EX_hexdtr[e]	0.0
HPDECECOAm	0.0
HPDECEm	0.0
HPDECEtm	0.0
HPDECEte	0.0
EX_hpdece[e]	0.0
EIC21114TRc	0.0
EIC21114TRte	0.0
EX_eic21114tr[e]	0.0
5EIPENCm	0.0
5EIPENCtm	0.0
5EIPENCte	0.0
EX_5eipenc[e]	0.0
T4HCINNMte	0.0
ANDRSTNDNte	0.0
EANDRSTRNte	0.0
AHANDROSTANte	0.0
ANDRSTANDRte	0.0
CE2209te	0.0
C05301te	0.0
C05299te	0.0
C05302te	0.0
CE5072te	0.0
11DOCRTSLte	0.0
11DOCRTSTRNte	0.0
PRGNLONEte	0.0
CE2211te	0.0
17AHPRGSTRNte	0.0
17AHPRGNLONEte	0.0
C03681te	0.0
PRGNLONESte	0.0
CE1352te	0.0
MMAt2e	0.0
C05769te	0.0
SAMHISTAe	0.0
CE2006te	0.0
GLCRt1	0.0
2HYOXPLCte	0.0
N8ASPMDte	0.0
MHISTAte	0.0
CE4890te2	0.0
C09642te	0.0
2OBUTt	0.0
PPP9ABCte	0.0
MLTHFte	0.0
TYMte2	0.0
TRYPTAte	0.0
CE4890te	0.0
SELMETHte	0.0
CE7090te	0.0
CE7085te	0.0
CE7096te	0.0
CE4877te	0.0
CE1447te	0.0
C05769te3	0.0
C05770te4	0.0
C05770te	0.0
MLTHFte3	7.015521311475407
CE2705t	0.0
SPHS1Pt2e	0.0
MMAte	0.0
PTRCARGte	0.0
MLTHFte2	0.0
TYMte	0.0
13DAMPPte	0.0
HDD2CRNte2	0.0
MLTHFte1	0.0
ARGN1ASPMDte	0.0
CE1918te	0.0
34DHPHAte	0.0
34DHOXMANDte	0.0
CE6205te	0.0
1A25DHVITD3te	0.0003866978922716627
ISOBUTtm	0.0
ISOBUTte	0.0
EX_CE4969[e]	0.0
NACCYStm	0.0
NACCYSte	0.0
EX_CE1310[e]	0.0
T4HCINNMtm	0.0
EX_T4hcinnm[e]	0.0
4HBZte	0.0
SUCSALtm	0.0
SUCSALte	0.0
EX_sucsal[e]	0.0
CE7081tr	0.0
CE7081tm	0.0
EX_CE7081[e]	0.0
EGMEtr	0.0
EGMEte	0.0
EX_egme[e]	0.0
12HARACHDtr	0.0
12HARACHDte	0.0
EX_12harachd[e]	0.0
18HARACHDtr	0.0
18HARACHDte	0.0
EX_18harachd[e]	0.0
SQLtr	0.0
SQLte	0.0
EX_sql[e]	0.0
ORN_Dtx	0.0
ORN_Dte	0.0
5G2OXPTtx	0.0
5G2OXPTte	0.0
EX_5g2oxpt[e]	0.0
EX_andrstndn[e]	0.0
DHEAte	0.0
EX_dhea[e]	0.0
EANDRSTRNtr	0.0
EX_eandrstrn[e]	0.0
AHANDROSTANtr	0.0
ANDRSTANDRtr	0.0
EX_andrstandn[e]	0.0
EX_CE2209[e]	0.0
ESTRONEte	0.0
EX_estrone[e]	0.0
C05298te	0.0
EX_C05298[e]	0.0
EX_C05301[e]	0.0
EX_C05299[e]	0.0
EX_C05302[e]	0.0
EX_CE5072[e]	0.0
EX_11docrtsl[e]	0.0
EX_11docrtstrn[e]	0.0
EX_prgnlone[e]	0.0
EX_CE2211[e]	0.0
EX_17ahprgstrn[e]	0.0
EX_17ahprgnlone[e]	0.0
EX_C03681[e]	0.0
HC02020tr	0.0
HC02020te	0.0
EX_HC02020[e]	0.0
EX_prgnlones[e]	0.0
EX_CE1352[e]	0.0
XOL24OHtr	0.0
XOL24OHte	0.0
EX_xol24oh[e]	0.0
XOL27OHte	0.0
EX_xol27oh[e]	0.0
XOL25OHtr	0.0
XOL25OHte	0.0
EX_xol25oh[e]	0.0
DSMSTEROLtr	0.0
DSMSTEROLte	0.0
EX_dsmsterol[e]	0.0
CHSTEROLSte	0.0
EX_chsterols[e]	0.0
3ITYR_Lte	0.0
EX_3ityr_L[e]	0.0
35DIODTYRte	0.0
EX_35diotyr[e]	0.0
13_CIS_RETNte	-0.0015501639344262291
EX_13_cis_retn[e]	-0.0015501639344262291
CE1617te	-0.0003866978922716627
EX_CE1617[e]	-0.0003866978922716627
VLDL_HSSEC	0.0
CHYLO_HSSEC	0.0
HC00460te	0.0
EX_HC00460[e]	0.0
EX_34dhoxmand[e]	0.0
FNA5MOXAMte	0.0
EX_fna5moxam[e]	0.0
CE5643te	0.0
EX_CE5643[e]	0.0
EX_CE7090[e]	0.0
EX_CE7085[e]	0.0
EX_CE7096[e]	0.0
EX_CE4877[e]	0.0
EX_CE1447[e]	0.0
EX_CE2006[e]	0.0
CE1401te	0.0
EX_CE1401[e]	0.0
GLUCYSte	0.0
EX_glucys[e]	0.0
EX_n8aspmd[e]	0.0
EX_CE6205[e]	0.0
MELATNte	0.0
EX_melatn[e]	0.0
6HOXMELATNte	0.0
EX_6hoxmelatn[e]	0.0
EX_trypta[e]	0.0
C10164te	0.0
EX_C10164[e]	0.0
EX_CE4890[e]	0.0
EX_C09642[e]	0.0
C05767te	0.0
EX_C05767[e]	0.0
EX_mhista[e]	0.0
PPBNGte	0.0
EX_ppbng[e]	0.0
EX_13dampp[e]	0.0
EX_mma[e]	0.0
12PPDRte	0.0
EX_12ppd_R[e]	0.0
AMETAMte	0.0
EX_ametam[e]	0.0
XYLULte	0.0
EX_xylu_L[e]	0.0
XYLUDte	0.0
EX_xylu_D[e]	0.0
GLCNte	0.0
CE0737te	0.0
EX_CE0737[e]	0.0
CH4Ste	0.0
EX_sphings[e]	2.508107540983606
HDD2CRNte	0.0
EX_hdd2crn[e]	0.0
IM4ACte	0.0
EX_im4ac[e]	0.0
EX_CE1918[e]	0.0
EX_mlthf[e]	-7.015521311475407
EX_ppp9[e]	0.0
AACTte	0.0
EX_aact[e]	0.0
EX_CE2705[e]	0.0
SPHGNte	0.0
EX_sphgn[e]	0.0
SELMETHt2e	0.0
EX_selmeth[e]	0.0
EX_N1aspmd[e]	0.0
C13856te	0.0
1A25DHVITD3t2e	0.0
EX_1a25dhvitd3[e]	-0.0003866978922716627
PRISTte	0.0
EX_prist[e]	0.0
CE2049te	0.0
EX_CE2049[e]	0.0
CE2047te	0.0
EX_CE2047[e]	0.0
LANOSTte	0.0
FDPte	-0.16486557377049182
EX_fdp[e]	-0.16486557377049182
EX_coke[e]	0.0
COKEte	0.0
COKEtr	0.0
EX_5a2opntn[e]	0.0
5A2OPNTNte	0.0
5A2OPNTNtx	0.0
LANOSTtr	0.0
EX_vldl_hs[e]	0.0
EX_idl_hs[e]	0.0
EX_ldl_hs[e]	0.0
EX_hdl_hs[e]	0.0
HC00005te	0.0
EX_HC00005[e]	0.0
HC00005t1e	0.0
HC00006te	0.0
EX_HC00006[e]	0.0
HC00006t1e	0.0
HC00007te	0.0
EX_HC00007[e]	0.0
HC00007t1e	0.0
HC00008te	0.0
EX_HC00008[e]	0.0
HC00008t1e	0.0
HC00009te	0.0
EX_HC00009[e]	0.0
HC00009t1e	0.0
DOPASULT4	0.0
UDPG4DOPA	0.0
UDPG3DOPA	0.0
TYRDOPOX	0.0
34DHPEAR	0.0
DOPA4SFt	0.0
EX_dopa4sf[e]	0.0
DOPA4GLCURt	0.0
EX_dopa4glcur[e]	0.0
DOPA3GLCURt	0.0
EX_dopa3glcur[e]	0.0
DOPACHRMDC	0.0
CE5026t	0.0
GGTe_1	0.0
CYSGLYPTASEe_1	0.0
CE1261t	0.0
DOPAOQNOX	0.0
DOPAOQCYS	0.0
LACROX	0.0
NADPQNOXR	0.0
NADQNOXR	0.0
DACT	0.0
DACGST	0.0
TYRDHINDOX	0.0
4GLU56DIHDINDt	0.0
EX_4glu56dihdind[e]	0.0
5CYSDOPAt	0.0
EX_5cysdopa[e]	0.0
CE5025t	0.0
EX_CE5025[e]	0.0
CE2172t	0.0
EX_CE2172[e]	0.0
CE5629t	0.0
EX_CE5629[e]	0.0
BGAL1e	0.0
BGAL1l	0.0
BGAL2l	0.0
BGAL3l	0.0
BGAL4l	0.0
CRMte	2.7621508196721356
DES21	0.0
EX_gd3_hs[e]	0.0
EX_gluside_hs[e]	0.0
EX_gm3_hs[e]	0.0
GA1tl	0.0
GM1Atl	0.0
GM2Atl	0.0
GALGLUSIDEtg2	0.0
GALGLUSIDEtl2	0.0
GBA2e	0.0
GD3tg	0.0
GD3tl	0.0
GLA2l	0.0
GLUSIDEte	0.0
GLUSIDEtg	0.0
GLUSIDEtl	0.0
GM1tg	0.0
GM1tl	0.0
GM2tg	0.0
GM2tl	0.0
HEXA1l	0.0
HEXA2l	0.0
HEXA3e	0.0
HEXAHBl	0.0
NEU11l	0.0
NEU21	0.0
NEU22	0.05794284659258142
NEU24	0.05794284659258142
NEU310e	0.0
NEU31e	0.0
NEU32e	0.0
NEU33e	0.0
NEU34e	0.0
NEU35e	0.0
NEU36e	0.0
NEU37e	0.0
NEU38n	0.0
NEU39e	0.0
SMS21e	0.0
SMSn	0.0
SPHK11	0.0
SPHK21n	0.0
SPHK22n	0.0
SPHMYLNte	0.0
SPHMYLNtl2	0.0
SPMD3n	0.0
ST8SIA13e	0.0
NO2te	0.0
NH4tr	0.0
WHTSTSTERONEtr	0.0
UDPGALt2n	0.0
UDPGALt2r	0.0
TETTET6COAtm	0.0
TETPENT6COAtm	0.0
TETPENT3COAtm	0.0
PCHOL_HStn	0.0
CHOLPtn	0.0
PHCRMtg	0.0
PHCRMter	0.0
SPHGNtn	0.0
SPHGNtg	0.0
SPHINGStn	0.0
SPHINGStg	0.0
EX_cmpacna[e]	0.0
EX_gd2_hs[e]	0.0
EX_gd1a_hs[e]	0.0
DHCRMtg	0.0
DHCRMter	0.0
PHSPHINGStg	0.0
PHSPHINGStr	0.0
PHSGPL11c	0.0
LCYSTtm	0.0
34DHPEt	0.0
EX_34dhpe[c]	0.0
GALSIDEter	0.0
GALSIDEtn	0.0
CERT1tn	0.0
GD1Atg	0.0
GD1Atn	0.0
ATPtg	0.0
GD1Btl	0.0
GD3tlc	0.0
GD3tm	0.0
PAPtl	0.0
CATr	0.0
S2L2N2M2Mtl	0.0
EX_pail_hs[e]	-0.28678295081967214
EX_CE1243[e]	0.0
EX_CE5026[e]	0.0
EX_5cysgly34dhphe[e]	0.0
EX_CE1261[e]	0.0
EX_galgluside_hs[e]	0.0
EX_ga1_hs[e]	0.0
EX_gm1a_hs[e]	0.0
EX_gm2a_hs[e]	0.0
EX_gm1_hs[e]	0.0
EX_gm1b_hs[e]	0.0
EX_gd1b_hs[e]	0.0
EX_gt1b_hs[e]	0.0
biomass_HMR_RenalCancer	0.0
EX_nadh[e]	0.0
12DHCHOLabc	0.0
12DHCHOLt	0.0
12DHCHOLt2	0.0
3DHCAS	0.0
3DHCDCAS	0.0
3DHCDCHOLabc	0.0
3DHCDCHOLt	0.0
3DHCDCHOLt2	0.0
3DHCHOLabc	0.0
3DHCHOLt	0.0
3DHCHOLt2	0.0
3DHDCAabc	0.0
3DHDCAS	0.0
3DHDCAt	0.0
3DHDCAt2	0.0
3DHLCAabc	0.0
3DHLCAS	0.0
3DHLCAt	0.0
3DHLCAt2	0.0
7DHCDCHOLabc	0.0
7DHCDCHOLt	0.0
7DHCDCHOLt2	0.0
7DHCHOLabc	0.0
7DHCHOLt	0.0
7DHCHOLt2	0.0
CA24GSc	0.0
CA24GSr	0.0
CA24Gte	0.0
CA24Gtr	0.0
CA3Sabc	0.0
CA3St	0.0
CASULT	0.0
CDCA24GSc	0.0
CDCA24GSr	0.0
CDCA24Gte	0.0
CDCA24Gtr	0.0
CDCA3GSc	0.0
CDCA3GSr	0.0
CDCA3Gte	0.0
CDCA3Gtr	0.0
HC02220t	0.0
CDCA6AH	0.0
COPROSTabc	0.0
COPROSTt	0.0
COPROSTt2	0.0
DCA24GSc	0.0
DCA24GSr	0.0
DCA24Gte	0.0
DCA24Gtr	0.0
DCA3GSc	0.0
DCA3GSr	0.0
DCA3Gte	0.0
DCA3Gtr	0.0
DCA3Sabc	0.0
DCA3St	0.0
DCASULT	0.0
EX_12dhchol[e]	0.0
EX_3dhcdchol[e]	0.0
EX_3dhchol[e]	0.0
EX_3dhdchol[e]	0.0
EX_3dhlchol[e]	0.0
EX_7dhcdchol[e]	0.0
EX_7dhchol[e]	0.0
EX_ca24g[e]	0.0
EX_ca3s[e]	0.0
EX_cdca24g[e]	0.0
EX_cdca3g[e]	0.0
EX_coprost[e]	0.0
EX_dca24g[e]	0.0
EX_dca3g[e]	0.0
EX_dca3s[e]	0.0
EX_gca3s[e]	0.0
EX_gcdca3s[e]	0.0
EX_gdca3s[e]	0.0
EX_gudca3s[e]	0.0
EX_hca24g[e]	0.0
EX_hca6g[e]	0.0
EX_hdca24g[e]	0.0
EX_hdca6g[e]	0.0
EX_hyochol[e]	0.0
EX_icdchol[e]	0.0
EX_isochol[e]	0.0
EX_lca24g[e]	0.0
EX_lca3g[e]	0.0
EX_lca3s[e]	0.0
EX_tca3s[e]	0.0
EX_tcdca3s[e]	0.0
EX_tdca3s[e]	0.0
EX_thyochol[e]	0.0
EX_tudca3s[e]	0.0
EX_uchol[e]	0.0
EX_udca3s[e]	0.0
GCA3Sabc	0.0
GCA3St	0.0
GCASULT	0.0
GCDCA3Sabc	0.0
GCDCA3St	0.0
GCDCASULT	0.0
GDCA3Sabc	0.0
GDCA3St	0.0
GDCASULT	0.0
GUDCA3Sabc	0.0
GUDCA3St	0.0
GUDCASULT	0.0
HCA24GSc	0.0
HCA24GSr	0.0
HCA24Gte	0.0
HCA24Gtr	0.0
HCA6GSc	0.0
HCA6GSr	0.0
HCA6Gte	0.0
HCA6Gtr	0.0
HDCA24GSc	0.0
HDCA24GSr	0.0
HDCA24Gte	0.0
HDCA24Gtr	0.0
HDCA6GSc	0.0
HDCA6GSr	0.0
HDCA6Gte	0.0
HDCA6Gtr	0.0
HYOCHOLabc	0.0
HYOCHOLt	0.0
HYOCHOLt2	0.0
HYOCHOLtr	0.0
ICDCHOLabc	0.0
ICDCHOLt	0.0
ICDCHOLt2	0.0
ISOCHOLabc	0.0
ISOCHOLt	0.0
ISOCHOLt2	0.0
LCA24GSc	0.0
LCA24GSr	0.0
LCA24Gte	0.0
LCA24Gtr	0.0
LCA3GSc	0.0
LCA3GSr	0.0
LCA3Gte	0.0
LCA3Gtr	0.0
LCA3Sabc	0.0
LCA3St	0.0
LCASULT	0.0
M02155tr	0.0
TCA3Sabc	0.0
TCA3St	0.0
TCASULT	0.0
TCDCA3Sabc	0.0
TCDCA3St	0.0
TCDCA6AH	0.0
TCDCASULT	0.0
TDCA3Sabc	0.0
TDCA3St	0.0
TDCASULT	0.0
THYOCHOLabc	0.0
THYOCHOLt	0.0
THYOCHOLt2	0.0
TUDCA3Sabc	0.0
TUDCA3St	0.0
TUDCASULT	0.0
UCHOLabc	0.0
UCHOLt	0.0
UCHOLt2	0.0
UDCA3Sabc	0.0
UDCA3St	0.0
UDCASULT	0.0
UDCHOLt	0.0
UDCHOLt2	0.0
12HTACRhr	0.0
12HTACRtu	0.0
12HTACRtep	0.0
1331TAALThr	0.0
1331TACRhr	0.0
1331TACRteb	0.0
1331TACRtev	0.0
13DMThr	0.0
13DMTtu	0.0
13DMTtep	0.0
14HMDZALThr	0.0
14HMDZhr	0.0
14MDZtev	0.0
1513DTALThr	0.0
1513DTACRhr	0.0
1513TACRtu	0.0
1513TACRtep	0.0
1531TACRhr	0.0
1531TACRteb	0.0
1531TACRtev	0.0
1531TALThr	0.0
15DMThr	0.0
15DMTtu	0.0
15DMTtep	0.0
1HIBUPGLUC_Sthv	0.0
1HIBUP_SGLUhep	0.0
1HIBUP_Sthv	0.0
1HMDGLUChr	0.0
1HMDZGLUChc	0.0
1OHMDZhr	0.0
1OHMDZtep	0.0
2HATVLAChc	0.0
2HATVACIDGLUChr	0.0
2HATVACIDGLUCteb	0.0
2HATVACIDOXDhc	0.0
2HATVACIDhc	0.0
2HATVACIDteb	0.0
2HATVACIDtep	0.0
2HATVACIDthc	0.0
2HATVLACGLUChr	0.0
2HATVLACGLUCteb	0.0
2HATVLACOXDhc	0.0
2HATVLACteb	0.0
2HATVLACtep	0.0
2HATVLACthc	0.0
2HIBUPGLUC_Sthv	0.0
2HIBUP_Rthv	0.0
2HIBUP_SGLUhep	0.0
2HIBUP_Sthv	0.0
31DMThr	0.0
31DMTtu	0.0
31DMTtep	0.0
35DHPVShc	0.0
35DHPVStep	0.0
35DHPVSthc	0.0
35DSMVhep	0.0
35DSMVteb	0.0
3HIBUPGLUC_Sthv	0.0
3HIBUP_Rthv	0.0
3HIBUP_SGLUhep	0.0
3HIBUP_Sthv	0.0
3HLVSTAChep	0.0
3HLVSTACtbc	0.0
3HPVSTETCOAhcm	0.0
3HPVSTETCOAhcx	0.0
3HPVSTETteb	0.0
3HPVSTETtev	0.0
3HPVShc	0.0
3HPVSteb	0.0
3HPVStep	0.0
3HPVSthc	0.0
3HSMVACIDhep	0.0
3HSMVACIDteb	0.0
3HSMVhep	0.0
3ISPVShc	0.0
3ISPVSteb	0.0
3ISPVStep	0.0
3ISPVSthc	0.0
3MEACMPhc	0.0
3OHACMPhr	0.0
3OHACMPtev	0.0
4BHGLZABCt	0.0
4BHGLZhr	0.0
4BHGLZtev	0.0
4HATVACIDOXDhc	0.0
4HATVACIDhc	0.0
4HATVACIDteb	0.0
4HATVACIDtep	0.0
4HATVACIDthc	0.0
4HATVLACOXDhc	0.0
4HATVLAChc	0.0
4HATVLACteb	0.0
4HATVLACtep	0.0
4HATVLACthc	0.0
4HMDGLUCtev	0.0
4HMDZGLUChr	0.0
4OHMDZhr	0.0
4OHMDZtev	0.0
56DHPVShc	0.0
56DHPVSteb	0.0
56DHPVStev	0.0
56EPPVShc	0.0
56EPPVSteb	0.0
56EPPVStev	0.0
5OHFVSGLUhc	0.0
5OHFVSGLUtev	0.0
5OHFVShc	0.0
5OHFVSteb	0.0
6AHGLZABCt	0.0
6AHGLZhr	0.0
6AHGLZtev	0.0
6BHGLZABCt	0.0
6BHGLZGLCABCt	0.0
6BHGLZGLChr	0.0
6BHGLZGLCtev	0.0
6BHGLZhr	0.0
6BHGLZtev	0.0
6CSMVACIDhep	0.0
6CSMVACIDteb	0.0
6CSMVhep	0.0
6EPSteb	0.0
6EPVStep	0.0
6EPVShc	0.0
6EPVSthc	0.0
6HLVSTAChep	0.0
6HLVSTthep	0.0
6HMSMVACIDhep	0.0
6HMSMVACIDteb	0.0
6HMSMVhep	0.0
6HSMVACIDhep	0.0
6HSMVACIDteb	0.0
6HSMVhep	0.0
6MELACAChep	0.0
6MELVACtbc	0.0
6MELVSTthep	0.0
6MSMVhep	0.0
6OHFVSGLUhc	0.0
6OHFVSGLUtev	0.0
6OHFVShc	0.0
6OHFVSteb	0.0
7AHGLZABCt	0.0
7AHGLZhr	0.0
7AHGLZtev	0.0
7BHGLZABCt	0.0
7BHGLZGLCABCt	0.0
7BHGLZGLChr	0.0
7BHGLZGLCtev	0.0
7BHGLZhr	0.0
7BHGLZtev	0.0
7HPVShc	0.0
7HPVSteb	0.0
7HPVStev	0.0
ALLOP2tu	0.0
ACMPtu	0.0
ACMPGLUChr	0.0
ACMPGLUTdt	0.0
ACMPGLUTtep	0.0
ACMPGLUTthc	0.0
ACMPGLUtep	0.0
ACMPGLUthc	0.0
ACMPShc	0.0
ACMPdt	0.0
ACMPthc	0.0
ALLOP1tu	0.0
ALLOPOXDhep	0.0
ALLOPtepvb	0.0
AM19CSALThr	0.0
AM19CShr	0.0
AM19CSteb	0.0
AM1A4NCShc	0.0
AM1A4NCSteb	0.0
AM1ACCShr	0.0
AM1ACCStev	0.0
AM1ACShr	0.0
AM1ACSteb	0.0
AM1ACStep	0.0
AM1ALCShr	0.0
AM1ALCSteb	0.0
AM1ALCStep	0.0
AM1C4N9CShc	0.0
AM1C4N9CSteb	0.0
AM1C9CShr	0.0
AM1C9CSteb	0.0
AM1C9CStev	0.0
AM1CCShr	0.0
AM1CCSteb	0.0
AM1CCStev	0.0
AM1CGLChr	0.0
AM1CGLCteb	0.0
AM1CSAhr	0.0
AM1CSAtep	0.0
AM4N9CShc	0.0
AM4N9CShr	0.0
AM4N9CStev	0.0
AM4NC9CSteb	0.0
AM4NCShr	0.0
AM4NCSteb	0.0
AM4NCStep	0.0
AM9CSAhr	0.0
AM9CSAteb	0.0
AM9CSAtep	0.0
ATVACIDMCTtu	0.0
ATVACIDOATPtu	0.0
ATVACIDhc	0.0
ATVACIDhr	0.0
ATVACIDtdu	0.0
ATVACIDtu	0.0
ATVACYLGLUChc	0.0
ATVETHGLUChc	0.0
ATVLACGLCURhc	0.0
ATVLACThc	0.0
ATVLACh2r	0.0
ATVLAChc	0.0
ATVLAChr	0.0
ATVLACtdhc	0.0
ATVLACtu	0.0
Am19CStev	0.0
Am1CSAteb	0.0
CARBIBUP_SGLUthv	0.0
CARIBUP_Rthv	0.0
CARIBUP_SGLUhep	0.0
CARIBUP_Sthv	0.0
CRGLZABCt	0.0
CRGLZhr	0.0
CRGLZtev	0.0
CRVS1M24hc	0.0
CRVS1tev	0.0
CRVS23M24hc	0.0
CRVSATPthc	0.0
CRVSATPtu	0.0
CRVSM1SPhc	0.0
CRVSM1hc	0.0
CRVSM1hr	0.0
CRVSM1teb	0.0
CRVSM22hc	0.0
CRVSM23hc	0.0
CRVSM23hr	0.0
CRVSM23teb	0.0
CRVSM23tev	0.0
CRVSM24teb	0.0
CRVSM24tev	0.0
CRVSM31hc	0.0
CRVStu	0.0
CRVSthc	0.0
CSASULPhc	0.0
CSASULPteb	0.0
CSASULPtev	0.0
CSAtd	0.0
CSAtu	0.0
CVM1GLUChc	0.0
CVM23GLUChc	0.0
CYSACMPAChc	0.0
CYSAMPtev	0.0
DELACCRVSM23hc	0.0
DEOXFVShc	0.0
DEOXFVStev	0.0
DESFVShc	0.0
DESFVSteb	0.0
DHGLZABCt	0.0
DHGLZhc	0.0
DHGLZtev	0.0
DSPVShc	0.0
DSPVSteb	0.0
DSPVStev	0.0
EPOXTAChr	0.0
EPOXTACteb	0.0
EPOXTACtev	0.0
EX_12htacr[e]	0.0
EX_1331tacr[e]	0.0
EX_13dmt[e]	0.0
EX_14hmdz[e]	0.0
EX_1513tacr[e]	0.0
EX_1531tacr[e]	0.0
EX_15dmt[e]	0.0
EX_1hibup_S[e]	0.0
EX_1hibupglu_S[e]	0.0
EX_1hmdgluc[e]	0.0
EX_1ohmdz[e]	0.0
EX_2hatvacid[e]	0.0
EX_2hatvacidgluc[e]	0.0
EX_2hatvlac[e]	0.0
EX_2hatvlacgluc[e]	0.0
EX_2hibup_R[e]	0.0
EX_2hibup_S[e]	0.0
EX_2hibupglu_S[e]	0.0
EX_31dmt[e]	0.0
EX_35dhpvs[e]	0.0
EX_35dsmv[e]	0.0
EX_3hibup_R[e]	0.0
EX_3hibup_S[e]	0.0
EX_3hibupglu_S[e]	0.0
EX_3hlvstacid[e]	0.0
EX_3hpvs[e]	0.0
EX_3hpvstet[e]	0.0
EX_3hsmvacid[e]	0.0
EX_3ispvs[e]	0.0
EX_3ohacmp[e]	0.0
EX_4bhglz[e]	0.0
EX_4hatvacid[e]	0.0
EX_4hatvlac[e]	0.0
EX_4hmdgluc[e]	0.0
EX_4ohmdz[e]	0.0
EX_56dhpvs[e]	0.0
EX_56eppvs[e]	0.0
EX_5ohfvs[e]	0.0
EX_5ohfvsglu[e]	0.0
EX_6ahglz[e]	0.0
EX_6bhglz[e]	0.0
EX_6bhglzglc[e]	0.0
EX_6csmvacid[e]	0.0
EX_6epvs[e]	0.0
EX_6hlvst[e]	0.0
EX_6hmsmvacid[e]	0.0
EX_6hsmvacid[e]	0.0
EX_6melvacid[e]	0.0
EX_6melvst[e]	0.0
EX_6ohfvs[e]	0.0
EX_6ohfvsglu[e]	0.0
EX_7ahglz[e]	0.0
EX_7bhglz[e]	0.0
EX_7bhglzglc[e]	0.0
EX_7hpvs[e]	0.0
EX_acmp[e]	0.0
EX_acmpglu[e]	0.0
EX_acmpglut[e]	0.0
EX_allop[e]	0.0
EX_am19cs[e]	0.0
EX_am1a4ncs[e]	0.0
EX_am1accs[e]	0.0
EX_am1acs[e]	0.0
EX_am1alcs[e]	0.0
EX_am1c4n9cs[e]	0.0
EX_am1c9cs[e]	0.0
EX_am1ccs[e]	0.0
EX_am1cglc[e]	0.0
EX_am1csa[e]	0.0
EX_am4n9cs[e]	0.0
EX_am4ncs[e]	0.0
EX_am9csa[e]	0.0
EX_atvacid[e]	0.0
EX_atvlac[e]	0.0
EX_caribup_R[e]	0.0
EX_caribup_s[e]	0.0
EX_caribupglu_S[e]	0.0
EX_crglz[e]	0.0
EX_crvs[e]	0.0
EX_crvsm1[e]	0.0
EX_crvsm23[e]	0.0
EX_crvsm24[e]	0.0
EX_csa[e]	0.0
EX_csasulp[e]	0.0
EX_cysacmp[e]	0.0
EX_deoxfvs[e]	0.0
EX_desfvs[e]	0.0
EX_dhglz[e]	0.0
EX_dspvs[e]	0.0
EX_epoxtac[e]	0.0
EX_fvs[e]	0.0
EX_fvstet[e]	0.0
EX_fvstetglu[e]	0.0
EX_glc3meacp[e]	0.0
EX_glz[e]	0.0
EX_gtacmp[e]	0.0
EX_ibup_R[e]	0.0
EX_ibup_S[e]	0.0
EX_ibupgluc[e]	0.0
EX_isolvstacid[e]	0.0
EX_lst4exp[e]	0.0
EX_lstn[e]	0.0
EX_lstn1gluc[e]	0.0
EX_lstnm1[e]	0.0
EX_lstnm2[e]	0.0
EX_lstnm4[e]	0.0
EX_lstnm5[e]	0.0
EX_lstnm7[e]	0.0
EX_lvst[e]	0.0
EX_mdz[e]	0.0
EX_mdzglc[e]	0.0
EX_meracmp[e]	0.0
EX_mhglz[e]	0.0
EX_ndersv[e]	0.0
EX_nfdac[e]	0.0
EX_nfdlac[e]	0.0
EX_nfdnpy[e]	0.0
EX_nfdoh[e]	0.0
EX_oxyp[e]	0.0
EX_oxyp1rb[e]	0.0
EX_oxyp7rb[e]	0.0
EX_profvs[e]	0.0
EX_ptvst[e]	0.0
EX_ptvstlac[e]	0.0
EX_ptvstm3[e]	0.0
EX_pvs[e]	0.0
EX_pvsgluc[e]	0.0
EX_rsv[e]	0.0
EX_rsvlac[e]	0.0
EX_s3meacmp[e]	0.0
EX_smv[e]	0.0
EX_smvacid[e]	0.0
EX_stacmp[ev]	0.0
EX_sulpacmp[e]	0.0
EX_tacr[e]	0.0
EX_tauribup_S[e]	0.0
EX_thrfvs[e]	0.0
EX_tlacfvs[e]	0.0
EX_tmd[e]	0.0
EX_tmdm1[e]	0.0
EX_tmdm3[e]	0.0
EX_tmdm5[e]	0.0
EX_tripvs[e]	0.0
EX_tsacmgluc[e]	0.0
EX_tsacmsul[e]	0.0
FVSGLUChc	0.0
FVSTETGLUhc	0.0
FVSTETGLUtev	0.0
FVSTETtev	0.0
FVShc	0.0
FVSteb	0.0
FVStep	0.0
FVStu	0.0
GLC3MEACPhr	0.0
GLC3MEACPtev	0.0
GLZABCteb	0.0
GLZtd	0.0
GTACMPhr	0.0
GTACMPtev	0.0
IBUPGLUCtchep	0.0
IBUPGLUCtpvb	0.0
IBUPGT_HEP	0.0
IBUP_RASCL1hep	0.0
IBUP_RCYP2hep	0.0
IBUP_RCYP3hep	0.0
IBUP_RCYPCARhep	0.0
IBUP_Rshep	0.0
IBUP_Rtdhep	0.0
IBUP_Rtdu	0.0
IBUP_SACOT2	0.0
IBUP_SCONJhep	0.0
IBUP_SCYP1hep	0.0
IBUP_SCYP2hep	0.0
IBUP_SCYP3hep	0.0
IBUP_SCYPCARhep	0.0
IBUP_Stbc	0.0
IBUP_Stdhep	0.0
IBUP_Stdu	0.0
ISOLVSTAChep	0.0
ISOLVSTtbc	0.0
LST4EXPTDhc	0.0
LST4EXPhr	0.0
LST4EXPthc	0.0
LSTN1GLUChr	0.0
LSTN1GLUCtev	0.0
LSTNtu	0.0
LSTNM1hr	0.0
LSTNM1tev	0.0
LSTNM2hr	0.0
LSTNM2tev	0.0
LSTNM4hr	0.0
LSTNM4tev	0.0
LSTNM5hr	0.0
LSTNM5tev	0.0
LSTNM7TDhc	0.0
LSTNM7hr	0.0
LSTNM7thc	0.0
LSTNRATt	0.0
LSTNtd	0.0
LVACLAChep	0.0
LVSTACIDhep	0.0
LVSTACIDtu	0.0
LVSTACOXD6Hhep	0.0
LVSTACOXD6MEhep	0.0
LVSTOXD3Hhep	0.0
LVSTOXD6Hhep	0.0
LVSTOXD6METhep	0.0
LVSTPGPtu	0.0
LVSTtu	0.0
MDZGLCtev	0.0
MDZtd	0.0
MDZtu	0.0
MERACMPtep	0.0
MERACMPthc	0.0
MHGLZABCt	0.0
MHGLZhr	0.0
MHGLZtev	0.0
NDERSVhc	0.0
NDERSVteb	0.0
NFDACOXDhc	0.0
NFDACtep	0.0
NFDDMEThr	0.0
NFDLAChc	0.0
NFDLACtep	0.0
NFDNPYtep	0.0
NFDOHtep	0.0
NFDOXDhc	0.0
OXYP1CONJ	0.0
OXYP2CONJ	0.0
OXYPR1tehv	0.0
OXYPR7tehv	0.0
OXYPthc	0.0
OXYPtepv	0.0
PROFVSCOAhc	0.0
PROFVShc	0.0
PROFVStev	0.0
PTVSTATPtu	0.0
PTVSTGLUChc	0.0
PTVSTLAChc	0.0
PTVSTLACtev	0.0
PTVSTM13hr	0.0
PTVSTM3eb	0.0
PTVSTM3hc	0.0
PTVSThc	0.0
PTVSTtep	0.0
PTVSTtu	0.0
PVSATPtu	0.0
PVSGLUChc	0.0
PVSGLUCteb	0.0
PVSGLUCtev	0.0
PVSHtu	0.0
PVSOATPtu	0.0
PVStep	0.0
RSVATPtu	0.0
RSVGLUChc	0.0
RSVLAChv	0.0
RSVLACteb	0.0
RSVSPONhc	0.0
RSVhc	0.0
RSVtev	0.0
RSVtu	0.0
S3MEACMPhc	0.0
S3MEACMPtev	0.0
SMVACIDATPteb	0.0
SMVACIDhep	0.0
SMVACIDtev	0.0
SMVtu	0.0
SMVGLUCLAChep	0.0
SMVGLUChep	0.0
SMVHYDROhep	0.0
SMVLAChep	0.0
SMVtv	0.0
SMVthep	0.0
STACMPhc	0.0
STACMPtev	0.0
SULPACMPtev	0.0
TACRDtsc	0.0
TACRtu	0.0
TAURIBUP_Sthv	0.0
THRFVShc	0.0
THRFVStev	0.0
THSACMPhr	0.0
TLACFVShc	0.0
TLACFVStev	0.0
TMDM1OATt	0.0
TMDM1hr	0.0
TMDM3OATt	0.0
TMDM3hr	0.0
TMDM5OATt	0.0
TMDM5hr	0.0
TMDOATPtsc	0.0
TMDOATtev	0.0
TMDOATthc	0.0
TMDtd	0.0
TRIPVShc	0.0
TRIPVSteb	0.0
TRIPVStev	0.0
TSACGLUCtev	0.0
TSACMGLUChr	0.0
TSACMSULhc	0.0
TSACMSULtev	0.0
12HTACRitr	0.0
13HTACRitr	0.0
14HMDZitr	0.0
1513TACRitr	0.0
1531TACRitr	0.0
1HIBUP_Sitr	0.0
1HIBUPGLUitr	0.0
1HMDGLUCitr	0.0
2HATVACIDGLUCitr	0.0
2HATVLACGLUCitr	0.0
2HIBUP_Ritr	0.0
2HIBUP_Sitr	0.0
2HIBUPGLUC_Sitr	0.0
35DHPVSitr	0.0
35DSMVitr	0.0
3HIBUP_Ritr	0.0
3HIBUPGLUC_Sitr	0.0
3HLVSTitr	0.0
3HPVSitr	0.0
3HPVSCOAitm	0.0
3HPVSCOAitx	0.0
3HPVSTETCOAitm	0.0
3HPVSTETCOAitx	0.0
3HSMVitr	0.0
3ISPVSitr	0.0
3MEACMPitr	0.0
3OHACMPitr	0.0
4BHGLZitr	0.0
4HATVACIDitr	0.0
4HATVLACitr	0.0
4HMDGLUCitr	0.0
4OHMDZitr	0.0
56DHPVSitr	0.0
56EPPVSitr	0.0
5OHFVSitr	0.0
5OHFVSGLUitr	0.0
6AHGLZitr	0.0
6BHGLZGLCitr	0.0
6CSMVitr	0.0
6HLVSTitr	0.0
6HLVSTACIDitr	0.0
6HMSMVitr	0.0
6HSMVitr	0.0
6MELVACIDitr	0.0
6MELVSTitr	0.0
6OHFVSitr	0.0
6OHFVSGLUitr	0.0
7AHGLZitr	0.0
7BHGLZGLCitr	0.0
7HPVSitr	0.0
ACMPitr	0.0
ACMPGLUitr	0.0
AM19CSitr	0.0
AM1ACCSitr	0.0
AM1ACSitr	0.0
AM1ALCSitr	0.0
AM1C9CSitr	0.0
AM1CGLCitr	0.0
AM4N9CSitr	0.0
AM4NCSitr	0.0
CARIBUP_Sitr	0.0
CARIBUPGLU_Sitr	0.0
CRGLZitr	0.0
CRVSitr	0.0
CRVSM22itr	0.0
CRVSM24itr	0.0
CRVSM31itr	0.0
CSAitr	0.0
DEOXFVSitx	0.0
DESFVSitr	0.0
DSPVSitr	0.0
EPOXTACitr	0.0
FVSitx	0.0
FVSCOAitx	0.0
FVSTETitr	0.0
FVSTETGLUitr	0.0
GLC3MEACPitr	0.0
GLZitr	0.0
GTACMPitr	0.0
IBUP_Ritr	0.0
IBUP_Sitr	0.0
IBUPGLUCitr	0.0
LSTN1GLUCitr	0.0
LSTNitr	0.0
LSTNM1itr	0.0
LSTNM2itr	0.0
LSTNM4itr	0.0
LSTNM5itr	0.0
LSTNM7itr	0.0
LVSTitr	0.0
EX_lvstacid[e]	0.0
LVSTACIDitr	0.0
MDZitr	0.0
MDZGLCitr	0.0
NDERSVitr	0.0
NFDNPYitr	0.0
NFDOHitr	0.0
PROFVSCOAitx	0.0
PTVSTLACitr	0.0
PTVSTM13itr	0.0
PTVSTM13te	0.0
EX_ptvstm13[e]	0.0
PTVSTM3itr	0.0
PVSitr	0.0
PVSGLUCitr	0.0
RSVLACitr	0.0
TACRitr	0.0
THSACMPitr	0.0
TLACFVSitr	0.0
TMACMPitr	0.0
TMDitr	0.0
TMDM1itr	0.0
TMDM3itr	0.0
TMDM5itr	0.0
TSACMGLUCitr	0.0
3HPVSCOAhc	0.0
3HPVSTEThc	0.0
ACMPGLUTTRsc	0.0
FVSCOAhc	0.0
MDZGLChr	0.0
TMACMPhr	0.0
1OHMDZitr	0.0
CYSACMPitr	0.0
NFDACitr	0.0
ACMPGLUTitr	0.0
NAPQIhr	0.0
H2O2itr	0.0
UDPRIBc	0.0
GLYitr	0.0
PAPSitr	0.0
PAPitr	0.0
13DMTitr	0.0
15DMTitr	0.0
ATVACIDitr	0.0
ATVLACitr	0.0
31DMTitr	0.0
SMVitr	0.0
6BHGLZitr	0.0
7BHGLZitr	0.0
AM1CCSitr	0.0
LST4EXPitr	0.0
MHGLZitr	0.0
RSVitr	0.0
TRIPVSitr	0.0
SMVACIDitr	0.0
PTVSTitr	0.0
3HIBUP_Sitr	0.0
FVSitr	0.0
AM1CSAitr	0.0
AM9CSAitr	0.0
2HATVACIDitr	0.0
OHCLtm	0.0
1A25HVITD2t	0.0
1A25HVITD2tm	0.0
EX_1a25dhvitd2[e]	0.0
EX_C13856[e]	0.0
EX_M02956[e]	0.0
EX_M00234[e]	0.0
EX_M01807[e]	0.0
EX_M00503[e]	0.0
EX_M00241[e]	0.0
EX_M01820[e]	0.0
EX_M00510[e]	0.0
EX_M01819[e]	0.0
EX_M00003[e]	0.0
EX_M00008[e]	0.0
EX_M00010[e]	0.0
EX_M00017[e]	0.0
EX_M00019[e]	0.0
EX_M00021[e]	0.0
EX_M00115[e]	0.0
EX_M00117[e]	0.0
EX_M00260[e]	0.0
EX_M00265[e]	0.0
EX_M00315[e]	0.0
EX_M00341[e]	0.0
EX_M01197[e]	0.0
EX_M01207[e]	0.0
EX_M01235[e]	0.0
EX_M01238[e]	0.0
EX_M01582[e]	0.0
EX_M02053[e]	0.0
EX_M02457[e]	0.0
EX_M02613[e]	0.0
EX_M02745[e]	0.0
EX_M03045[e]	0.0
EX_M03051[e]	0.0
EX_M03153[e]	0.0
EX_M01268[e]	0.0
EX_HC02080[e]	0.0
EX_h2co3[e]	0.0
EX_M02837[e]	0.0
EX_M02382[e]	0.0
EX_M02035[e]	0.0
EX_M02467[e]	0.0
EX_M02821[e]	0.0
EX_mg2[e]	0.0
EX_cu2[e]	0.0
EX_M01571[e]	0.0
DCMPtm	0.0
GLACtm	0.0
CLCFTRtm	0.0
PROTEIN_BS	0.0
PIt2mi	0.0
Htmi	0.0
CYOOm3i	0.0
HMR_10023	18.73536299765808
HMR_10024	18.73536299765808
HMR_10025	0.0
HMR_10026	0.0
HMR_10027	0.05794284659258142
HMR_10028	0.0
HMR_10029	0.0
HMR_10030	0.0
HMR_10031	0.0
HMR_10033	0.0
HMR_10034	0.0
HMR_10035	0.0
HMR_10036	0.0
HMR_10037	0.0
HMR_10038	0.0
HMR_10039	0.0
HMR_10040	0.0
HMR_10041	0.0
HMR_10042	0.0
HMR_10043	0.0
HMR_10044	0.0
HMR_10045	0.0
HMR_10046	0.2540432786885246
HMR_10047	0.2540432786885246
HMR_10048	0.0
HMR_10049	0.0
HMR_10050	0.0
HMR_10051	0.0
HMR_10052	0.0
HMR_10053	0.0
HMR_10054	0.0
HMR_10055	0.0
HMR_10056	0.0
HMR_10057	0.0
HMR_10058	0.0
HMR_10059	0.0
HMR_10060	0.0
HMR_10061	0.0
HMR_10062	100.0
HMR_10063	4.144262295081967
HMR_10064	9.058548009367682
HMR_10065	0.022482435597189692
biomass_human	18.73536299765808
HMR_10066	0.0
HMR_10067	0.0
HMR_10068	0.0
HMR_10069	0.0
HMR_10070	0.0
HMR_10071	0.0
HMR_10072	0.0
HMR_10073	0.0
HMR_10074	0.0
HMR_10075	0.0
HMR_10076	0.0
HMR_10077	0.0
HMR_10078	0.0
HMR_10079	0.0
HMR_10080	0.0
HMR_10081	0.0
HMR_10082	0.0
HMR_10083	0.0
HMR_10084	0.0
HMR_10085	0.0
HMR_10086	0.0
HMR_10087	0.0
HMR_10088	0.0
HMR_10089	0.0
HMR_10090	0.0
HMR_10091	0.0
HMR_10092	0.0
HMR_10093	0.0
HMR_10094	0.0
HMR_10095	0.0
HMR_10096	0.0
HMR_10097	0.0
HMR_10098	0.0
HMR_10099	0.0
HMR_10100	0.0
HMR_10101	0.0
HMR_10102	0.0
HMR_10103	0.0
HMR_10104	0.0
HMR_10105	0.0
HMR_10106	0.0
HMR_10107	0.0
HMR_10108	0.0
HMR_10109	0.0
HMR_10110	0.0
HMR_10111	0.0
HMR_10112	0.0
HMR_10113	0.0
HMR_10114	0.0
HMR_10115	0.0
HMR_10116	0.0
HMR_10117	0.0
HMR_10118	0.0
HMR_10119	0.0
HMR_10120	0.0
HMR_10121	0.0
HMR_10122	0.0
HMR_10123	0.0
HMR_10124	0.0
HMR_10125	0.0
HMR_10126	0.0
HMR_10127	0.0
HMR_10128	0.0
HMR_10129	0.0
HMR_10130	0.0
HMR_10131	0.0
HMR_10132	0.0
